<Qucs Dataset 0.0.20>
<indep time 500>
  +0.00000000000000000000e+00
  +6.61322645290581191029e-05
  +1.32264529058116238206e-04
  +1.98396793587174370861e-04
  +2.64529058116232476412e-04
  +3.30661322645290581962e-04
  +3.96793587174348741722e-04
  +4.62925851703406847273e-04
  +5.29058116232464952823e-04
  +5.95190380761523112584e-04
  +6.61322645290581163924e-04
  +7.27454909819639323684e-04
  +7.93587174348697483445e-04
  +8.59719438877755534785e-04
  +9.25851703406813694545e-04
  +9.91983967935871745886e-04
  +1.05811623246492990565e-03
  +1.12424849699398806541e-03
  +1.19038076152304622517e-03
  +1.25651302605210416809e-03
  +1.32264529058116232785e-03
  +1.38877755511022048761e-03
  +1.45490981963927864737e-03
  +1.52104208416833680713e-03
  +1.58717434869739496689e-03
  +1.65330661322645290981e-03
  +1.71943887775551106957e-03
  +1.78557114228456922933e-03
  +1.85170340681362738909e-03
  +1.91783567134268554885e-03
  +1.98396793587174349177e-03
  +2.05010020040080186837e-03
  +2.11623246492985981129e-03
  +2.18236472945891775421e-03
  +2.24849699398797613081e-03
  +2.31462925851703407373e-03
  +2.38076152304609245033e-03
  +2.44689378757515039325e-03
  +2.51302605210420833617e-03
  +2.57915831663326671278e-03
  +2.64529058116232465570e-03
  +2.71142284569138303230e-03
  +2.77755511022044097522e-03
  +2.84368737474949891814e-03
  +2.90981963927855729474e-03
  +2.97595190380761523766e-03
  +3.04208416833667361426e-03
  +3.10821643286573155718e-03
  +3.17434869739478993378e-03
  +3.24048096192384787670e-03
  +3.30661322645290581962e-03
  +3.37274549098196419622e-03
  +3.43887775551102213914e-03
  +3.50501002004008051574e-03
  +3.57114228456913845866e-03
  +3.63727454909819640158e-03
  +3.70340681362725477818e-03
  +3.76953907815631272110e-03
  +3.83567134268537109770e-03
  +3.90180360721442904062e-03
  +3.96793587174348698354e-03
  +4.03406813627254536014e-03
  +4.10020040080160373674e-03
  +4.16633266533066124598e-03
  +4.23246492985971962258e-03
  +4.29859719438877799919e-03
  +4.36472945891783550842e-03
  +4.43086172344689388503e-03
  +4.49699398797595226163e-03
  +4.56312625250501063823e-03
  +4.62925851703406814747e-03
  +4.69539078156312652407e-03
  +4.76152304609218490067e-03
  +4.82765531062124240991e-03
  +4.89378757515030078651e-03
  +4.95991983967935916311e-03
  +5.02605210420841667235e-03
  +5.09218436873747504895e-03
  +5.15831663326653342555e-03
  +5.22444889779559180215e-03
  +5.29058116232464931139e-03
  +5.35671342685370768799e-03
  +5.42284569138276606459e-03
  +5.48897795591182357383e-03
  +5.55511022044088195043e-03
  +5.62124248496994032703e-03
  +5.68737474949899783627e-03
  +5.75350701402805621287e-03
  +5.81963927855711458947e-03
  +5.88577154308617296607e-03
  +5.95190380761523047531e-03
  +6.01803607214428885192e-03
  +6.08416833667334722852e-03
  +6.15030060120240473776e-03
  +6.21643286573146311436e-03
  +6.28256513026052149096e-03
  +6.34869739478957986756e-03
  +6.41482965931863737680e-03
  +6.48096192384769575340e-03
  +6.54709418837675413000e-03
  +6.61322645290581163924e-03
  +6.67935871743487001584e-03
  +6.74549098196392839244e-03
  +6.81162324649298590168e-03
  +6.87775551102204427828e-03
  +6.94388777555110265488e-03
  +7.01002004008016103148e-03
  +7.07615230460921854072e-03
  +7.14228456913827691732e-03
  +7.20841683366733529392e-03
  +7.27454909819639280316e-03
  +7.34068136272545117976e-03
  +7.40681362725450955636e-03
  +7.47294589178356706560e-03
  +7.53907815631262544220e-03
  +7.60521042084168381880e-03
  +7.67134268537074219541e-03
  +7.73747494989979970464e-03
  +7.80360721442885808125e-03
  +7.86973947895791559048e-03
  +7.93587174348697396709e-03
  +8.00200400801603234369e-03
  +8.06813627254509072029e-03
  +8.13426853707414909689e-03
  +8.20040080160320747349e-03
  +8.26653306613226411537e-03
  +8.33266533066132249197e-03
  +8.39879759519038086857e-03
  +8.46492985971943924517e-03
  +8.53106212424849762177e-03
  +8.59719438877755599837e-03
  +8.66332665330661437497e-03
  +8.72945891783567101685e-03
  +8.79559118236472939345e-03
  +8.86172344689378777005e-03
  +8.92785571142284614665e-03
  +8.99398797595190452325e-03
  +9.06012024048096289985e-03
  +9.12625250501002127645e-03
  +9.19238476953907791833e-03
  +9.25851703406813629493e-03
  +9.32464929859719467153e-03
  +9.39078156312625304813e-03
  +9.45691382765531142474e-03
  +9.52304609218436980134e-03
  +9.58917835671342644321e-03
  +9.65531062124248481982e-03
  +9.72144288577154319642e-03
  +9.78757515030060157302e-03
  +9.85370741482965994962e-03
  +9.91983967935871832622e-03
  +9.98597194388777670282e-03
  +1.00521042084168333447e-02
  +1.01182364729458917213e-02
  +1.01843687374749500979e-02
  +1.02505010020040084745e-02
  +1.03166332665330668511e-02
  +1.03827655310621252277e-02
  +1.04488977955911836043e-02
  +1.05150300601202402462e-02
  +1.05811623246492986228e-02
  +1.06472945891783569994e-02
  +1.07134268537074153760e-02
  +1.07795591182364737526e-02
  +1.08456913827655321292e-02
  +1.09118236472945905058e-02
  +1.09779559118236471477e-02
  +1.10440881763527055243e-02
  +1.11102204408817639009e-02
  +1.11763527054108222775e-02
  +1.12424849699398806541e-02
  +1.13086172344689390307e-02
  +1.13747494989979956725e-02
  +1.14408817635270540491e-02
  +1.15070140280561124257e-02
  +1.15731462925851708023e-02
  +1.16392785571142291789e-02
  +1.17054108216432875555e-02
  +1.17715430861723459321e-02
  +1.18376753507014025740e-02
  +1.19038076152304609506e-02
  +1.19699398797595193272e-02
  +1.20360721442885777038e-02
  +1.21022044088176360804e-02
  +1.21683366733466944570e-02
  +1.22344689378757528336e-02
  +1.23006012024048094755e-02
  +1.23667334669338678521e-02
  +1.24328657314629262287e-02
  +1.24989979959919846053e-02
  +1.25651302605210429819e-02
  +1.26312625250501013585e-02
  +1.26973947895791597351e-02
  +1.27635270541082163770e-02
  +1.28296593186372747536e-02
  +1.28957915831663331302e-02
  +1.29619238476953915068e-02
  +1.30280561122244498834e-02
  +1.30941883767535082600e-02
  +1.31603206412825649019e-02
  +1.32264529058116232785e-02
  +1.32925851703406816551e-02
  +1.33587174348697400317e-02
  +1.34248496993987984083e-02
  +1.34909819639278567849e-02
  +1.35571142284569151615e-02
  +1.36232464929859718034e-02
  +1.36893787575150301800e-02
  +1.37555110220440885566e-02
  +1.38216432865731469332e-02
  +1.38877755511022053098e-02
  +1.39539078156312636864e-02
  +1.40200400801603220630e-02
  +1.40861723446893787048e-02
  +1.41523046092184370814e-02
  +1.42184368737474954580e-02
  +1.42845691382765538346e-02
  +1.43507014028056122112e-02
  +1.44168336673346705878e-02
  +1.44829659318637272297e-02
  +1.45490981963927856063e-02
  +1.46152304609218439829e-02
  +1.46813627254509023595e-02
  +1.47474949899799607361e-02
  +1.48136272545090191127e-02
  +1.48797595190380774893e-02
  +1.49458917835671341312e-02
  +1.50120240480961925078e-02
  +1.50781563126252508844e-02
  +1.51442885771543092610e-02
  +1.52104208416833676376e-02
  +1.52765531062124260142e-02
  +1.53426853707414843908e-02
  +1.54088176352705410327e-02
  +1.54749498997995994093e-02
  +1.55410821643286577859e-02
  +1.56072144288577161625e-02
  +1.56733466933867728044e-02
  +1.57394789579158311810e-02
  +1.58056112224448895576e-02
  +1.58717434869739479342e-02
  +1.59378757515030063108e-02
  +1.60040080160320646874e-02
  +1.60701402805611230640e-02
  +1.61362725450901814406e-02
  +1.62024048096192398172e-02
  +1.62685370741482981938e-02
  +1.63346693386773565704e-02
  +1.64008016032064149470e-02
  +1.64669338677354733236e-02
  +1.65330661322645282307e-02
  +1.65991983967935866073e-02
  +1.66653306613226449839e-02
  +1.67314629258517033605e-02
  +1.67975951903807617371e-02
  +1.68637274549098201137e-02
  +1.69298597194388784903e-02
  +1.69959919839679368669e-02
  +1.70621242484969952435e-02
  +1.71282565130260536201e-02
  +1.71943887775551119967e-02
  +1.72605210420841703733e-02
  +1.73266533066132287499e-02
  +1.73927855711422836571e-02
  +1.74589178356713420337e-02
  +1.75250501002004004103e-02
  +1.75911823647294587869e-02
  +1.76573146292585171635e-02
  +1.77234468937875755401e-02
  +1.77895791583166339167e-02
  +1.78557114228456922933e-02
  +1.79218436873747506699e-02
  +1.79879759519038090465e-02
  +1.80541082164328674231e-02
  +1.81202404809619257997e-02
  +1.81863727454909841763e-02
  +1.82525050100200425529e-02
  +1.83186372745490974601e-02
  +1.83847695390781558367e-02
  +1.84509018036072142133e-02
  +1.85170340681362725899e-02
  +1.85831663326653309665e-02
  +1.86492985971943893431e-02
  +1.87154308617234477197e-02
  +1.87815631262525060963e-02
  +1.88476953907815644729e-02
  +1.89138276553106228495e-02
  +1.89799599198396812261e-02
  +1.90460921843687396027e-02
  +1.91122244488977979793e-02
  +1.91783567134268528864e-02
  +1.92444889779559112630e-02
  +1.93106212424849696396e-02
  +1.93767535070140280162e-02
  +1.94428857715430863928e-02
  +1.95090180360721447694e-02
  +1.95751503006012031460e-02
  +1.96412825651302615226e-02
  +1.97074148296593198992e-02
  +1.97735470941883782758e-02
  +1.98396793587174366524e-02
  +1.99058116232464950290e-02
  +1.99719438877755534056e-02
  +2.00380761523046117822e-02
  +2.01042084168336666894e-02
  +2.01703406813627250660e-02
  +2.02364729458917834426e-02
  +2.03026052104208418192e-02
  +2.03687374749499001958e-02
  +2.04348697394789585724e-02
  +2.05010020040080169490e-02
  +2.05671342685370753256e-02
  +2.06332665330661337022e-02
  +2.06993987975951920788e-02
  +2.07655310621242504554e-02
  +2.08316633266533088320e-02
  +2.08977955911823672086e-02
  +2.09639278557114221158e-02
  +2.10300601202404804924e-02
  +2.10961923847695388690e-02
  +2.11623246492985972456e-02
  +2.12284569138276556222e-02
  +2.12945891783567139988e-02
  +2.13607214428857723754e-02
  +2.14268537074148307520e-02
  +2.14929859719438891286e-02
  +2.15591182364729475052e-02
  +2.16252505010020058818e-02
  +2.16913827655310642584e-02
  +2.17575150300601226350e-02
  +2.18236472945891810116e-02
  +2.18897795591182359187e-02
  +2.19559118236472942953e-02
  +2.20220440881763526719e-02
  +2.20881763527054110485e-02
  +2.21543086172344694251e-02
  +2.22204408817635278017e-02
  +2.22865731462925861783e-02
  +2.23527054108216445549e-02
  +2.24188376753507029315e-02
  +2.24849699398797613081e-02
  +2.25511022044088196847e-02
  +2.26172344689378780613e-02
  +2.26833667334669364379e-02
  +2.27494989979959913451e-02
  +2.28156312625250497217e-02
  +2.28817635270541080983e-02
  +2.29478957915831664749e-02
  +2.30140280561122248515e-02
  +2.30801603206412832281e-02
  +2.31462925851703416047e-02
  +2.32124248496993999813e-02
  +2.32785571142284583579e-02
  +2.33446893787575167345e-02
  +2.34108216432865751111e-02
  +2.34769539078156334877e-02
  +2.35430861723446918643e-02
  +2.36092184368737502409e-02
  +2.36753507014028051481e-02
  +2.37414829659318635247e-02
  +2.38076152304609219013e-02
  +2.38737474949899802779e-02
  +2.39398797595190386545e-02
  +2.40060120240480970311e-02
  +2.40721442885771554077e-02
  +2.41382765531062137843e-02
  +2.42044088176352721609e-02
  +2.42705410821643305375e-02
  +2.43366733466933889141e-02
  +2.44028056112224472907e-02
  +2.44689378757515056673e-02
  +2.45350701402805605744e-02
  +2.46012024048096189510e-02
  +2.46673346693386773276e-02
  +2.47334669338677357042e-02
  +2.47995991983967940808e-02
  +2.48657314629258524574e-02
  +2.49318637274549108340e-02
  +2.49979959919839692106e-02
  +2.50641282565130275872e-02
  +2.51302605210420859638e-02
  +2.51963927855711443404e-02
  +2.52625250501002027170e-02
  +2.53286573146292610936e-02
  +2.53947895791583194702e-02
  +2.54609218436873743774e-02
  +2.55270541082164327540e-02
  +2.55931863727454911306e-02
  +2.56593186372745495072e-02
  +2.57254509018036078838e-02
  +2.57915831663326662604e-02
  +2.58577154308617246370e-02
  +2.59238476953907830136e-02
  +2.59899799599198413902e-02
  +2.60561122244488997668e-02
  +2.61222444889779581434e-02
  +2.61883767535070165200e-02
  +2.62545090180360748966e-02
  +2.63206412825651298037e-02
  +2.63867735470941881804e-02
  +2.64529058116232465570e-02
  +2.65190380761523049336e-02
  +2.65851703406813633102e-02
  +2.66513026052104216868e-02
  +2.67174348697394800634e-02
  +2.67835671342685384400e-02
  +2.68496993987975968166e-02
  +2.69158316633266551932e-02
  +2.69819639278557135698e-02
  +2.70480961923847719464e-02
  +2.71142284569138303230e-02
  +2.71803607214428852301e-02
  +2.72464929859719436067e-02
  +2.73126252505010019833e-02
  +2.73787575150300603599e-02
  +2.74448897795591187365e-02
  +2.75110220440881771131e-02
  +2.75771543086172354897e-02
  +2.76432865731462938663e-02
  +2.77094188376753522429e-02
  +2.77755511022044106195e-02
  +2.78416833667334689961e-02
  +2.79078156312625273727e-02
  +2.79739478957915857493e-02
  +2.80400801603206441259e-02
  +2.81062124248496990331e-02
  +2.81723446893787574097e-02
  +2.82384769539078157863e-02
  +2.83046092184368741629e-02
  +2.83707414829659325395e-02
  +2.84368737474949909161e-02
  +2.85030060120240492927e-02
  +2.85691382765531076693e-02
  +2.86352705410821660459e-02
  +2.87014028056112244225e-02
  +2.87675350701402827991e-02
  +2.88336673346693411757e-02
  +2.88997995991983995523e-02
  +2.89659318637274544594e-02
  +2.90320641282565128360e-02
  +2.90981963927855712126e-02
  +2.91643286573146295892e-02
  +2.92304609218436879658e-02
  +2.92965931863727463424e-02
  +2.93627254509018047191e-02
  +2.94288577154308630957e-02
  +2.94949899799599214723e-02
  +2.95611222444889798489e-02
  +2.96272545090180382255e-02
  +2.96933867735470966021e-02
  +2.97595190380761549787e-02
  +2.98256513026052133553e-02
  +2.98917835671342682624e-02
  +2.99579158316633266390e-02
  +3.00240480961923850156e-02
  +3.00901803607214433922e-02
  +3.01563126252505017688e-02
  +3.02224448897795601454e-02
  +3.02885771543086185220e-02
  +3.03547094188376768986e-02
  +3.04208416833667352752e-02
  +3.04869739478957936518e-02
  +3.05531062124248520284e-02
  +3.06192384769539104050e-02
  +3.06853707414829687816e-02
  +3.07515030060120236888e-02
  +3.08176352705410820654e-02
  +3.08837675350701404420e-02
  +3.09498997995991988186e-02
  +3.10160320641282571952e-02
  +3.10821643286573155718e-02
  +3.11482965931863739484e-02
  +3.12144288577154323250e-02
  +3.12805611222444907016e-02
  +3.13466933867735456087e-02
  +3.14128256513026074548e-02
  +3.14789579158316623619e-02
  +3.15450901803607242080e-02
  +3.16112224448897791151e-02
  +3.16773547094188409612e-02
  +3.17434869739478958683e-02
  +3.18096192384769577144e-02
  +3.18757515030060126215e-02
  +3.19418837675350744676e-02
  +3.20080160320641293747e-02
  +3.20741482965931912208e-02
  +3.21402805611222461279e-02
  +3.22064128256513010351e-02
  +3.22725450901803628811e-02
  +3.23386773547094177883e-02
  +3.24048096192384796344e-02
  +3.24709418837675345415e-02
  +3.25370741482965963876e-02
  +3.26032064128256512947e-02
  +3.26693386773547131408e-02
  +3.27354709418837680479e-02
  +3.28016032064128298940e-02
  +3.28677354709418848011e-02
  +3.29338677354709466472e-02
  +3.30000000000000015543e-02
</indep>
<dep V1.It time>
  -1.10000000000004130661e-05
  -1.10000000000004232305e-05
  -1.10000000000004266186e-05
  -1.10000000000004333949e-05
  -1.10000000000004333949e-05
  -1.10000000000004418652e-05
  -1.10000000000004469474e-05
  -1.10000000000004554177e-05
  -1.10000000000004554177e-05
  -1.10000000000004554177e-05
  -1.10000000000004554177e-05
  -1.10000000000004554177e-05
  -1.10000000000004554177e-05
  -1.10000000000004554177e-05
  -1.10000000000004554177e-05
  -1.10000000000004554177e-05
  -1.10000000000004554177e-05
  -1.10000000000004554177e-05
  -1.10000000000004554177e-05
  -1.10000000000004554177e-05
  -1.10000000000004554177e-05
  -1.10000000000004554177e-05
  -1.10000000000004554177e-05
  -1.10000000000004554177e-05
  -1.10000000000004554177e-05
  -1.10000000000004554177e-05
  -1.10000000000004554177e-05
  -1.10000000000004554177e-05
  -1.10000000000004554177e-05
  -1.10000000000004554177e-05
  -1.10000000000004554177e-05
  -1.10000000000004571118e-05
  -1.10000000000004638880e-05
  -1.10000000000004638880e-05
  -1.10000000000004638880e-05
  -1.10000000000004638880e-05
  -1.10000000000004638880e-05
  -1.10000000000004638880e-05
  -1.10000000000004638880e-05
  -1.10000000000004638880e-05
  -1.10000000000004638880e-05
  -1.10000000000004638880e-05
  -1.10000000000004638880e-05
  -1.10000000000004638880e-05
  -1.10000000000004638880e-05
  -1.10000000000004638880e-05
  -1.10000000000004638880e-05
  -1.10000000000004638880e-05
  -1.10000000000004638880e-05
  -1.10000000000004638880e-05
  -1.10000000000004638880e-05
  -1.10000000000004638880e-05
  -1.10000000000004638880e-05
  -1.10000000000004638880e-05
  -1.10000000000004638880e-05
  -1.10000000000004638880e-05
  -1.10000000000004638880e-05
  -1.10000000000004638880e-05
  -1.10000000000004638880e-05
  -1.10000000000004638880e-05
  -1.10000000000004638880e-05
  -1.10000000000004638880e-05
  -1.10000000000004638880e-05
  -1.10000000000004638880e-05
  -1.10000000000004638880e-05
  -1.10000000000004638880e-05
  -1.10000000000004638880e-05
  -1.10000000000004638880e-05
  -1.10000000000004638880e-05
  -1.10000000000004638880e-05
  -1.10000000000004638880e-05
  -1.10000000000004638880e-05
  -1.10000000000004638880e-05
  -1.10000000000004638880e-05
  -1.10000000000004638880e-05
  -1.10000000000004638880e-05
  -1.10000000000004638880e-05
  -1.10000000000004638880e-05
  -1.10000000000004638880e-05
  -1.10000000000004638880e-05
  -1.10000000000004638880e-05
  -1.10000000000004638880e-05
  -1.10000000000004638880e-05
  -1.10000000000004638880e-05
  -1.10000000000004638880e-05
  -1.10000000000004638880e-05
  -1.10000000000004638880e-05
  -1.10000000000004638880e-05
  -1.10000000000004638880e-05
  -1.10000000000004638880e-05
  -1.10000000000004638880e-05
  -1.10000000000004638880e-05
  -1.10000000000004638880e-05
  -1.10000000000004638880e-05
  -1.10000000000004638880e-05
  -1.10000000000004638880e-05
  -1.10000000000004638880e-05
  -1.10000000000004638880e-05
  -1.10000000000004638880e-05
  -1.10000000000004638880e-05
  -1.10000000000004638880e-05
  -1.10000000000004638880e-05
  -1.10000000000004638880e-05
  -1.10000000000004638880e-05
  -1.10000000000004638880e-05
  -1.10000000000004638880e-05
  -1.10000000000004638880e-05
  -1.10000000000004638880e-05
  -1.10000000000004638880e-05
  -1.10000000000004638880e-05
  -1.10000000000004638880e-05
  -1.10000000000004638880e-05
  -1.10000000000004638880e-05
  -1.10000000000004638880e-05
  -1.10000000000004638880e-05
  -1.10000000000004638880e-05
  -1.10000000000004638880e-05
  -1.10000000000004638880e-05
  -1.10000000000004638880e-05
  -1.10000000000004638880e-05
  -1.10000000000004638880e-05
  -1.10000000000004638880e-05
  -1.10000000000004638880e-05
  -1.10000000000004638880e-05
  -1.10000000000004638880e-05
  -1.10000000000004638880e-05
  -1.10000000000004638880e-05
  -1.10000000000004638880e-05
  -1.10000000000004638880e-05
  -1.10000000000004638880e-05
  -1.10000000000004638880e-05
  -1.10000000000004638880e-05
  -1.10000000000004638880e-05
  -1.10000000000004638880e-05
  -1.10000000000004638880e-05
  -1.10000000000004638880e-05
  -1.10000000000004638880e-05
  -1.10000000000004638880e-05
  -1.10000000000004638880e-05
  -1.10000000000004638880e-05
  -1.10000000000004638880e-05
  -1.10000000000004638880e-05
  -1.10000000000004638880e-05
  -1.10000000000004638880e-05
  -1.10000000000004638880e-05
  -1.10000000000004638880e-05
  -1.10000000000004638880e-05
  -1.10000000000004638880e-05
  -1.10000000000004638880e-05
  -1.10000000000004638880e-05
  -1.10000000000004638880e-05
  -1.10000000000004638880e-05
  -1.10000000000004638880e-05
  -1.10000000000004638880e-05
  -1.10000000000004638880e-05
  -1.10000000000004638880e-05
  -1.10000000000004638880e-05
  -1.10000000000004638880e-05
  -1.10000000000004638880e-05
  -1.10000000000004638880e-05
  -1.10000000000004638880e-05
  -1.10000000000004638880e-05
  -1.10000000000004638880e-05
  -1.10000000000004638880e-05
  -1.10000000000004638880e-05
  -1.10000000000004638880e-05
  -1.10000000000004638880e-05
  -1.10000000000004638880e-05
  -1.10000000000004638880e-05
  -1.10000000000004638880e-05
  -1.10000000000004638880e-05
  -1.10000000000004638880e-05
  -1.10000000000004638880e-05
  -1.10000000000004638880e-05
  -1.10000000000004638880e-05
  -1.10000000000004638880e-05
  -1.10000000000004638880e-05
  -1.10000000000004638880e-05
  -1.10000000000004638880e-05
  -1.10000000000004638880e-05
  -1.10000000000004638880e-05
  -1.10000000000004638880e-05
  -1.10000000000004638880e-05
  -1.10000000000004638880e-05
  -1.10000000000004638880e-05
  -1.10000000000004638880e-05
  -1.10000000000004638880e-05
  -1.10000000000004638880e-05
  -1.10000000000004638880e-05
  -1.10000000000004638880e-05
  -1.10000000000004638880e-05
  -1.10000000000004638880e-05
  -1.10000000000004638880e-05
  -1.10000000000004638880e-05
  -1.10000000000004638880e-05
  -1.10000000000004638880e-05
  -1.10000000000004638880e-05
  -1.10000000000004638880e-05
  -1.10000000000004638880e-05
  -1.10000000000004638880e-05
  -1.10000000000004638880e-05
  -1.10000000000004638880e-05
  -1.10000000000004638880e-05
  -1.10000000000004638880e-05
  -1.10000000000004638880e-05
  -1.10000000000004638880e-05
  -1.10000000000004638880e-05
  -1.10000000000004638880e-05
  -1.10000000000004638880e-05
  -1.10000000000004638880e-05
  -1.10000000000004638880e-05
  -1.10000000000004638880e-05
  -1.10000000000004638880e-05
  -1.10000000000004638880e-05
  -1.10000000000004638880e-05
  -1.10000000000004638880e-05
  -1.10000000000004638880e-05
  -1.10000000000004638880e-05
  -1.10000000000004638880e-05
  -1.10000000000004638880e-05
  -1.10000000000004638880e-05
  -1.10000000000004638880e-05
  -1.10000000000004638880e-05
  -1.10000000000004638880e-05
  -1.10000000000004638880e-05
  -1.10000000000004638880e-05
  -1.10000000000004638880e-05
  -1.10000000000004638880e-05
  -1.10000000000004638880e-05
  -1.10000000000004638880e-05
  -1.10000000000004638880e-05
  -1.10000000000004638880e-05
  -1.10000000000004638880e-05
  -1.10000000000004638880e-05
  -1.10000000000004638880e-05
  -1.10000000000004638880e-05
  -1.10000000000004638880e-05
  -1.10000000000004638880e-05
  -1.10000000000004638880e-05
  -1.10000000000004638880e-05
  -1.10000000000004638880e-05
  -1.10000000000004638880e-05
  -1.10000000000004638880e-05
  -1.10000000000004638880e-05
  -1.10000000000004638880e-05
  -1.10000000000004638880e-05
  -1.10000000000004638880e-05
  -1.10000000000004638880e-05
  -1.10000000000004638880e-05
  -1.10000000000004638880e-05
  -1.10000000000004638880e-05
  -1.10000000000004638880e-05
  -1.10000000000004638880e-05
  -1.10000000000004638880e-05
  -1.10000000000004638880e-05
  -1.10000000000004638880e-05
  -1.10000000000004638880e-05
  -1.10000000000004638880e-05
  -1.10000000000004638880e-05
  -1.10000000000004638880e-05
  -1.10000000000004638880e-05
  -1.10000000000004638880e-05
  -1.10000000000004638880e-05
  -1.10000000000004638880e-05
  -1.10000000000004638880e-05
  -1.10000000000004638880e-05
  -1.10000000000004638880e-05
  -1.10000000000004638880e-05
  -1.10000000000004638880e-05
  -1.10000000000004638880e-05
  -1.10000000000004638880e-05
  -1.10000000000004638880e-05
  -1.10000000000004638880e-05
  -1.10000000000004638880e-05
  -1.10000000000004638880e-05
  -1.10000000000004638880e-05
  -1.10000000000004638880e-05
  -1.10000000000004638880e-05
  -1.10000000000004638880e-05
  -1.10000000000004638880e-05
  -1.10000000000004638880e-05
  -1.10000000000004638880e-05
  -1.10000000000004638880e-05
  -1.10000000000004638880e-05
  -1.10000000000004638880e-05
  -1.10000000000004638880e-05
  -1.10000000000004638880e-05
  -1.10000000000004638880e-05
  -1.10000000000004638880e-05
  -1.10000000000004638880e-05
  -1.10000000000004638880e-05
  -1.10000000000004638880e-05
  -1.10000000000004638880e-05
  -1.10000000000004638880e-05
  -1.10000000000004638880e-05
  -1.10000000000004638880e-05
  -1.10000000000004638880e-05
  -1.10000000000004638880e-05
  -1.10000000000004638880e-05
  -1.10000000000004638880e-05
  -1.10000000000004638880e-05
  -1.10000000000004638880e-05
  -1.10000000000004638880e-05
  -1.10000000000004638880e-05
  -1.10000000000004638880e-05
  -1.10000000000004638880e-05
  -1.10000000000004638880e-05
  -1.10000000000004638880e-05
  -1.10000000000004638880e-05
  -1.10000000000004638880e-05
  -1.10000000000004638880e-05
  -1.10000000000004638880e-05
  -1.10000000000004638880e-05
  -1.10000000000004638880e-05
  -1.10000000000004638880e-05
  -1.10000000000004638880e-05
  -1.10000000000004638880e-05
  -1.10000000000004638880e-05
  -1.10000000000004638880e-05
  -1.10000000000004638880e-05
  -1.10000000000004638880e-05
  -1.10000000000004638880e-05
  -1.10000000000004638880e-05
  -1.10000000000004638880e-05
  -1.10000000000004638880e-05
  -1.10000000000004638880e-05
  -1.10000000000004638880e-05
  -1.10000000000004638880e-05
  -1.10000000000004638880e-05
  -1.10000000000004638880e-05
  -1.10000000000004638880e-05
  -1.10000000000004638880e-05
  -1.10000000000004638880e-05
  -1.10000000000004638880e-05
  -1.10000000000004638880e-05
  -1.10000000000004638880e-05
  -1.10000000000004638880e-05
  -1.10000000000004638880e-05
  -1.10000000000004638880e-05
  -1.10000000000004638880e-05
  -1.10000000000004638880e-05
  -1.10000000000004638880e-05
  -1.10000000000004638880e-05
  -1.10000000000004638880e-05
  -1.10000000000004638880e-05
  -1.10000000000004638880e-05
  -1.10000000000004638880e-05
  -1.10000000000004638880e-05
  -1.10000000000004638880e-05
  -1.10000000000004638880e-05
  -1.10000000000004638880e-05
  -1.10000000000004638880e-05
  -1.10000000000004638880e-05
  -1.10000000000004638880e-05
  -1.10000000000004638880e-05
  -1.10000000000004638880e-05
  -1.10000000000004638880e-05
  -1.10000000000004638880e-05
  -1.10000000000004638880e-05
  -1.10000000000004638880e-05
  -1.10000000000004638880e-05
  -1.10000000000004638880e-05
  -1.10000000000004638880e-05
  -1.10000000000004638880e-05
  -1.10000000000004638880e-05
  -1.10000000000004638880e-05
  -1.10000000000004638880e-05
  -1.10000000000004638880e-05
  -1.10000000000004638880e-05
  -1.10000000000004638880e-05
  -1.10000000000004638880e-05
  -1.10000000000004638880e-05
  -1.10000000000004638880e-05
  -1.10000000000004638880e-05
  -1.10000000000004638880e-05
  -1.10000000000004638880e-05
  -1.10000000000004638880e-05
  -1.10000000000004638880e-05
  -1.10000000000004638880e-05
  -1.10000000000004638880e-05
  -1.10000000000004638880e-05
  -1.10000000000004638880e-05
  -1.10000000000004638880e-05
  -1.10000000000004638880e-05
  -1.10000000000004638880e-05
  -1.10000000000004638880e-05
  -1.10000000000004638880e-05
  -1.10000000000004638880e-05
  -1.10000000000004638880e-05
  -1.10000000000004638880e-05
  -1.10000000000004638880e-05
  -1.10000000000004638880e-05
  -1.10000000000004638880e-05
  -1.10000000000004638880e-05
  -1.10000000000004638880e-05
  -1.10000000000004638880e-05
  -1.10000000000004638880e-05
  -1.10000000000004638880e-05
  -1.10000000000004638880e-05
  -1.10000000000004638880e-05
  -1.10000000000004638880e-05
  -1.10000000000004638880e-05
  -1.10000000000004638880e-05
  -1.10000000000004638880e-05
  -1.10000000000004638880e-05
  -1.10000000000004638880e-05
  -1.10000000000004638880e-05
  -1.10000000000004638880e-05
  -1.10000000000004638880e-05
  -1.10000000000004638880e-05
  -1.10000000000004638880e-05
  -1.10000000000004638880e-05
  -1.10000000000004638880e-05
  -1.10000000000004638880e-05
  -1.10000000000004638880e-05
  -1.10000000000004638880e-05
  -1.10000000000004638880e-05
  -1.10000000000004638880e-05
  -1.10000000000004638880e-05
  -1.10000000000004638880e-05
  -1.10000000000004638880e-05
  -1.10000000000004638880e-05
  -1.10000000000004638880e-05
  -1.10000000000004638880e-05
  -1.10000000000004638880e-05
  -1.10000000000004638880e-05
  -1.10000000000004638880e-05
  -1.10000000000004638880e-05
  -1.10000000000004638880e-05
  -1.10000000000004638880e-05
  -1.10000000000004638880e-05
  -1.10000000000004638880e-05
  -1.10000000000004638880e-05
  -1.10000000000004638880e-05
  -1.10000000000004638880e-05
  -1.10000000000004638880e-05
  -1.10000000000004638880e-05
  -1.10000000000004638880e-05
  -1.10000000000004638880e-05
  -1.10000000000004638880e-05
  -1.10000000000004638880e-05
  -1.10000000000004638880e-05
  -1.10000000000004638880e-05
  -1.10000000000004638880e-05
  -1.10000000000004638880e-05
  -1.10000000000004638880e-05
  -1.10000000000004638880e-05
  -1.10000000000004638880e-05
  -1.10000000000004638880e-05
  -1.10000000000004638880e-05
  -1.10000000000004638880e-05
  -1.10000000000004638880e-05
  -1.10000000000004638880e-05
  -1.10000000000004638880e-05
  -1.10000000000004638880e-05
  -1.10000000000004638880e-05
  -1.10000000000004638880e-05
  -1.10000000000004638880e-05
  -1.10000000000004638880e-05
  -1.10000000000004638880e-05
  -1.10000000000004638880e-05
  -1.10000000000004638880e-05
  -1.10000000000004638880e-05
  -1.10000000000004638880e-05
  -1.10000000000004638880e-05
  -1.10000000000004638880e-05
  -1.10000000000004638880e-05
  -1.10000000000004638880e-05
  -1.10000000000004638880e-05
  -1.10000000000004638880e-05
  -1.10000000000004638880e-05
  -1.10000000000004638880e-05
  -1.10000000000004638880e-05
  -1.10000000000004638880e-05
  -1.10000000000004638880e-05
  -1.10000000000004723584e-05
  -1.10000000000004774406e-05
  -1.10000000000004842168e-05
  -1.10000000000004909931e-05
  -1.10000000000004909931e-05
  -1.10000000000004909931e-05
  -1.10000000000004909931e-05
  -1.10000000000004909931e-05
  -1.10000000000004909931e-05
  -1.10000000000004909931e-05
  -1.10000000000004909931e-05
  -1.10000000000004909931e-05
  -1.10000000000004909931e-05
  -1.10000000000004909931e-05
  -1.10000000000004909931e-05
  -1.10000000000004909931e-05
  -1.10000000000004909931e-05
  -1.10000000000004909931e-05
  -1.10000000000004909931e-05
  -1.10000000000004909931e-05
  -1.10000000000004909931e-05
  -1.10000000000004909931e-05
  -1.10000000000004909931e-05
  -1.10000000000004909931e-05
  -1.10000000000004909931e-05
</dep>
<dep Vref_I.Vt time>
  +1.31999999999992545519e+00
  +1.31999999999992345678e+00
  +1.31999999999992323474e+00
  +1.31999999999992190247e+00
  +1.31999999999992168043e+00
  +1.31999999999992034816e+00
  +1.31999999999991923794e+00
  +1.31999999999991790567e+00
  +1.31999999999991790567e+00
  +1.31999999999991790567e+00
  +1.31999999999991790567e+00
  +1.31999999999991790567e+00
  +1.31999999999991790567e+00
  +1.31999999999991790567e+00
  +1.31999999999991790567e+00
  +1.31999999999991790567e+00
  +1.31999999999991790567e+00
  +1.31999999999991790567e+00
  +1.31999999999991790567e+00
  +1.31999999999991790567e+00
  +1.31999999999991790567e+00
  +1.31999999999991790567e+00
  +1.31999999999991790567e+00
  +1.31999999999991790567e+00
  +1.31999999999991790567e+00
  +1.31999999999991790567e+00
  +1.31999999999991790567e+00
  +1.31999999999991790567e+00
  +1.31999999999991790567e+00
  +1.31999999999991790567e+00
  +1.31999999999991790567e+00
  +1.31999999999991768362e+00
  +1.31999999999991635136e+00
  +1.31999999999991635136e+00
  +1.31999999999991635136e+00
  +1.31999999999991635136e+00
  +1.31999999999991635136e+00
  +1.31999999999991635136e+00
  +1.31999999999991635136e+00
  +1.31999999999991635136e+00
  +1.31999999999991635136e+00
  +1.31999999999991635136e+00
  +1.31999999999991635136e+00
  +1.31999999999991635136e+00
  +1.31999999999991635136e+00
  +1.31999999999991635136e+00
  +1.31999999999991635136e+00
  +1.31999999999991635136e+00
  +1.31999999999991635136e+00
  +1.31999999999991635136e+00
  +1.31999999999991635136e+00
  +1.31999999999991635136e+00
  +1.31999999999991635136e+00
  +1.31999999999991635136e+00
  +1.31999999999991635136e+00
  +1.31999999999991635136e+00
  +1.31999999999991635136e+00
  +1.31999999999991635136e+00
  +1.31999999999991635136e+00
  +1.31999999999991635136e+00
  +1.31999999999991635136e+00
  +1.31999999999991635136e+00
  +1.31999999999991635136e+00
  +1.31999999999991635136e+00
  +1.31999999999991635136e+00
  +1.31999999999991635136e+00
  +1.31999999999991635136e+00
  +1.31999999999991635136e+00
  +1.31999999999991635136e+00
  +1.31999999999991635136e+00
  +1.31999999999991635136e+00
  +1.31999999999991635136e+00
  +1.31999999999991635136e+00
  +1.31999999999991635136e+00
  +1.31999999999991635136e+00
  +1.31999999999991635136e+00
  +1.31999999999991635136e+00
  +1.31999999999991635136e+00
  +1.31999999999991635136e+00
  +1.31999999999991635136e+00
  +1.31999999999991635136e+00
  +1.31999999999991635136e+00
  +1.31999999999991635136e+00
  +1.31999999999991635136e+00
  +1.31999999999991635136e+00
  +1.31999999999991635136e+00
  +1.31999999999991635136e+00
  +1.31999999999991635136e+00
  +1.31999999999991635136e+00
  +1.31999999999991635136e+00
  +1.31999999999991635136e+00
  +1.31999999999991635136e+00
  +1.31999999999991635136e+00
  +1.31999999999991635136e+00
  +1.31999999999991635136e+00
  +1.31999999999991635136e+00
  +1.31999999999991635136e+00
  +1.31999999999991635136e+00
  +1.31999999999991635136e+00
  +1.31999999999991635136e+00
  +1.31999999999991635136e+00
  +1.31999999999991635136e+00
  +1.31999999999991635136e+00
  +1.31999999999991635136e+00
  +1.31999999999991635136e+00
  +1.31999999999991635136e+00
  +1.31999999999991635136e+00
  +1.31999999999991635136e+00
  +1.31999999999991635136e+00
  +1.31999999999991635136e+00
  +1.31999999999991635136e+00
  +1.31999999999991635136e+00
  +1.31999999999991635136e+00
  +1.31999999999991635136e+00
  +1.31999999999991635136e+00
  +1.31999999999991635136e+00
  +1.31999999999991635136e+00
  +1.31999999999991635136e+00
  +1.31999999999991635136e+00
  +1.31999999999991635136e+00
  +1.31999999999991635136e+00
  +1.31999999999991635136e+00
  +1.31999999999991635136e+00
  +1.31999999999991635136e+00
  +1.31999999999991635136e+00
  +1.31999999999991635136e+00
  +1.31999999999991635136e+00
  +1.31999999999991635136e+00
  +1.31999999999991635136e+00
  +1.31999999999991635136e+00
  +1.31999999999991635136e+00
  +1.31999999999991635136e+00
  +1.31999999999991635136e+00
  +1.31999999999991635136e+00
  +1.31999999999991635136e+00
  +1.31999999999991635136e+00
  +1.31999999999991635136e+00
  +1.31999999999991635136e+00
  +1.31999999999991635136e+00
  +1.31999999999991635136e+00
  +1.31999999999991635136e+00
  +1.31999999999991635136e+00
  +1.31999999999991635136e+00
  +1.31999999999991635136e+00
  +1.31999999999991635136e+00
  +1.31999999999991635136e+00
  +1.31999999999991635136e+00
  +1.31999999999991635136e+00
  +1.31999999999991635136e+00
  +1.31999999999991635136e+00
  +1.31999999999991635136e+00
  +1.31999999999991635136e+00
  +1.31999999999991635136e+00
  +1.31999999999991635136e+00
  +1.31999999999991635136e+00
  +1.31999999999991635136e+00
  +1.31999999999991635136e+00
  +1.31999999999991635136e+00
  +1.31999999999991635136e+00
  +1.31999999999991635136e+00
  +1.31999999999991635136e+00
  +1.31999999999991635136e+00
  +1.31999999999991635136e+00
  +1.31999999999991635136e+00
  +1.31999999999991635136e+00
  +1.31999999999991635136e+00
  +1.31999999999991635136e+00
  +1.31999999999991635136e+00
  +1.31999999999991635136e+00
  +1.31999999999991635136e+00
  +1.31999999999991635136e+00
  +1.31999999999991635136e+00
  +1.31999999999991635136e+00
  +1.31999999999991635136e+00
  +1.31999999999991635136e+00
  +1.31999999999991635136e+00
  +1.31999999999991635136e+00
  +1.31999999999991635136e+00
  +1.31999999999991635136e+00
  +1.31999999999991635136e+00
  +1.31999999999991635136e+00
  +1.31999999999991635136e+00
  +1.31999999999991635136e+00
  +1.31999999999991635136e+00
  +1.31999999999991635136e+00
  +1.31999999999991635136e+00
  +1.31999999999991635136e+00
  +1.31999999999991635136e+00
  +1.31999999999991635136e+00
  +1.31999999999991635136e+00
  +1.31999999999991635136e+00
  +1.31999999999991635136e+00
  +1.31999999999991635136e+00
  +1.31999999999991635136e+00
  +1.31999999999991635136e+00
  +1.31999999999991635136e+00
  +1.31999999999991635136e+00
  +1.31999999999991635136e+00
  +1.31999999999991635136e+00
  +1.31999999999991635136e+00
  +1.31999999999991635136e+00
  +1.31999999999991635136e+00
  +1.31999999999991635136e+00
  +1.31999999999991635136e+00
  +1.31999999999991635136e+00
  +1.31999999999991635136e+00
  +1.31999999999991635136e+00
  +1.31999999999991635136e+00
  +1.31999999999991635136e+00
  +1.31999999999991635136e+00
  +1.31999999999991635136e+00
  +1.31999999999991635136e+00
  +1.31999999999991635136e+00
  +1.31999999999991635136e+00
  +1.31999999999991635136e+00
  +1.31999999999991635136e+00
  +1.31999999999991635136e+00
  +1.31999999999991635136e+00
  +1.31999999999991635136e+00
  +1.31999999999991635136e+00
  +1.31999999999991635136e+00
  +1.31999999999991635136e+00
  +1.31999999999991635136e+00
  +1.31999999999991635136e+00
  +1.31999999999991635136e+00
  +1.31999999999991635136e+00
  +1.31999999999991635136e+00
  +1.31999999999991635136e+00
  +1.31999999999991635136e+00
  +1.31999999999991635136e+00
  +1.31999999999991635136e+00
  +1.31999999999991635136e+00
  +1.31999999999991635136e+00
  +1.31999999999991635136e+00
  +1.31999999999991635136e+00
  +1.31999999999991635136e+00
  +1.31999999999991635136e+00
  +1.31999999999991635136e+00
  +1.31999999999991635136e+00
  +1.31999999999991635136e+00
  +1.31999999999991635136e+00
  +1.31999999999991635136e+00
  +1.31999999999991635136e+00
  +1.31999999999991635136e+00
  +1.31999999999991635136e+00
  +1.31999999999991635136e+00
  +1.31999999999991635136e+00
  +1.31999999999991635136e+00
  +1.31999999999991635136e+00
  +1.31999999999991635136e+00
  +1.31999999999991635136e+00
  +1.31999999999991635136e+00
  +1.31999999999991635136e+00
  +1.31999999999991635136e+00
  +1.31999999999991635136e+00
  +1.31999999999991635136e+00
  +1.31999999999991635136e+00
  +1.31999999999991635136e+00
  +1.31999999999991635136e+00
  +1.31999999999991635136e+00
  +1.31999999999991635136e+00
  +1.31999999999991635136e+00
  +1.31999999999991635136e+00
  +1.31999999999991635136e+00
  +1.31999999999991635136e+00
  +1.31999999999991635136e+00
  +1.31999999999991635136e+00
  +1.31999999999991635136e+00
  +1.31999999999991635136e+00
  +1.31999999999991635136e+00
  +1.31999999999991635136e+00
  +1.31999999999991635136e+00
  +1.31999999999991635136e+00
  +1.31999999999991635136e+00
  +1.31999999999991635136e+00
  +1.31999999999991635136e+00
  +1.31999999999991635136e+00
  +1.31999999999991635136e+00
  +1.31999999999991635136e+00
  +1.31999999999991635136e+00
  +1.31999999999991635136e+00
  +1.31999999999991635136e+00
  +1.31999999999991635136e+00
  +1.31999999999991635136e+00
  +1.31999999999991635136e+00
  +1.31999999999991635136e+00
  +1.31999999999991635136e+00
  +1.31999999999991635136e+00
  +1.31999999999991635136e+00
  +1.31999999999991635136e+00
  +1.31999999999991635136e+00
  +1.31999999999991635136e+00
  +1.31999999999991635136e+00
  +1.31999999999991635136e+00
  +1.31999999999991635136e+00
  +1.31999999999991635136e+00
  +1.31999999999991635136e+00
  +1.31999999999991635136e+00
  +1.31999999999991635136e+00
  +1.31999999999991635136e+00
  +1.31999999999991635136e+00
  +1.31999999999991635136e+00
  +1.31999999999991635136e+00
  +1.31999999999991635136e+00
  +1.31999999999991635136e+00
  +1.31999999999991635136e+00
  +1.31999999999991635136e+00
  +1.31999999999991635136e+00
  +1.31999999999991635136e+00
  +1.31999999999991635136e+00
  +1.31999999999991635136e+00
  +1.31999999999991635136e+00
  +1.31999999999991635136e+00
  +1.31999999999991635136e+00
  +1.31999999999991635136e+00
  +1.31999999999991635136e+00
  +1.31999999999991635136e+00
  +1.31999999999991635136e+00
  +1.31999999999991635136e+00
  +1.31999999999991635136e+00
  +1.31999999999991635136e+00
  +1.31999999999991635136e+00
  +1.31999999999991635136e+00
  +1.31999999999991635136e+00
  +1.31999999999991635136e+00
  +1.31999999999991635136e+00
  +1.31999999999991635136e+00
  +1.31999999999991635136e+00
  +1.31999999999991635136e+00
  +1.31999999999991635136e+00
  +1.31999999999991635136e+00
  +1.31999999999991635136e+00
  +1.31999999999991635136e+00
  +1.31999999999991635136e+00
  +1.31999999999991635136e+00
  +1.31999999999991635136e+00
  +1.31999999999991635136e+00
  +1.31999999999991635136e+00
  +1.31999999999991635136e+00
  +1.31999999999991635136e+00
  +1.31999999999991635136e+00
  +1.31999999999991635136e+00
  +1.31999999999991635136e+00
  +1.31999999999991635136e+00
  +1.31999999999991635136e+00
  +1.31999999999991635136e+00
  +1.31999999999991635136e+00
  +1.31999999999991635136e+00
  +1.31999999999991635136e+00
  +1.31999999999991635136e+00
  +1.31999999999991635136e+00
  +1.31999999999991635136e+00
  +1.31999999999991635136e+00
  +1.31999999999991635136e+00
  +1.31999999999991635136e+00
  +1.31999999999991635136e+00
  +1.31999999999991635136e+00
  +1.31999999999991635136e+00
  +1.31999999999991635136e+00
  +1.31999999999991635136e+00
  +1.31999999999991635136e+00
  +1.31999999999991635136e+00
  +1.31999999999991635136e+00
  +1.31999999999991635136e+00
  +1.31999999999991635136e+00
  +1.31999999999991635136e+00
  +1.31999999999991635136e+00
  +1.31999999999991635136e+00
  +1.31999999999991635136e+00
  +1.31999999999991635136e+00
  +1.31999999999991635136e+00
  +1.31999999999991635136e+00
  +1.31999999999991635136e+00
  +1.31999999999991635136e+00
  +1.31999999999991635136e+00
  +1.31999999999991635136e+00
  +1.31999999999991635136e+00
  +1.31999999999991635136e+00
  +1.31999999999991635136e+00
  +1.31999999999991635136e+00
  +1.31999999999991635136e+00
  +1.31999999999991635136e+00
  +1.31999999999991635136e+00
  +1.31999999999991635136e+00
  +1.31999999999991635136e+00
  +1.31999999999991635136e+00
  +1.31999999999991635136e+00
  +1.31999999999991635136e+00
  +1.31999999999991635136e+00
  +1.31999999999991635136e+00
  +1.31999999999991635136e+00
  +1.31999999999991635136e+00
  +1.31999999999991635136e+00
  +1.31999999999991635136e+00
  +1.31999999999991635136e+00
  +1.31999999999991635136e+00
  +1.31999999999991635136e+00
  +1.31999999999991635136e+00
  +1.31999999999991635136e+00
  +1.31999999999991635136e+00
  +1.31999999999991635136e+00
  +1.31999999999991635136e+00
  +1.31999999999991635136e+00
  +1.31999999999991635136e+00
  +1.31999999999991635136e+00
  +1.31999999999991635136e+00
  +1.31999999999991635136e+00
  +1.31999999999991635136e+00
  +1.31999999999991635136e+00
  +1.31999999999991635136e+00
  +1.31999999999991635136e+00
  +1.31999999999991635136e+00
  +1.31999999999991635136e+00
  +1.31999999999991635136e+00
  +1.31999999999991635136e+00
  +1.31999999999991635136e+00
  +1.31999999999991635136e+00
  +1.31999999999991635136e+00
  +1.31999999999991635136e+00
  +1.31999999999991635136e+00
  +1.31999999999991635136e+00
  +1.31999999999991635136e+00
  +1.31999999999991635136e+00
  +1.31999999999991635136e+00
  +1.31999999999991635136e+00
  +1.31999999999991635136e+00
  +1.31999999999991635136e+00
  +1.31999999999991635136e+00
  +1.31999999999991635136e+00
  +1.31999999999991635136e+00
  +1.31999999999991635136e+00
  +1.31999999999991635136e+00
  +1.31999999999991635136e+00
  +1.31999999999991635136e+00
  +1.31999999999991635136e+00
  +1.31999999999991635136e+00
  +1.31999999999991635136e+00
  +1.31999999999991635136e+00
  +1.31999999999991635136e+00
  +1.31999999999991635136e+00
  +1.31999999999991635136e+00
  +1.31999999999991635136e+00
  +1.31999999999991635136e+00
  +1.31999999999991635136e+00
  +1.31999999999991635136e+00
  +1.31999999999991635136e+00
  +1.31999999999991635136e+00
  +1.31999999999991635136e+00
  +1.31999999999991635136e+00
  +1.31999999999991635136e+00
  +1.31999999999991635136e+00
  +1.31999999999991635136e+00
  +1.31999999999991635136e+00
  +1.31999999999991635136e+00
  +1.31999999999991635136e+00
  +1.31999999999991635136e+00
  +1.31999999999991635136e+00
  +1.31999999999991635136e+00
  +1.31999999999991635136e+00
  +1.31999999999991635136e+00
  +1.31999999999991635136e+00
  +1.31999999999991635136e+00
  +1.31999999999991635136e+00
  +1.31999999999991635136e+00
  +1.31999999999991635136e+00
  +1.31999999999991635136e+00
  +1.31999999999991635136e+00
  +1.31999999999991635136e+00
  +1.31999999999991635136e+00
  +1.31999999999991635136e+00
  +1.31999999999991635136e+00
  +1.31999999999991635136e+00
  +1.31999999999991635136e+00
  +1.31999999999991635136e+00
  +1.31999999999991612931e+00
  +1.31999999999991479704e+00
  +1.31999999999991368682e+00
  +1.31999999999991257660e+00
  +1.31999999999991124433e+00
  +1.31999999999991124433e+00
  +1.31999999999991124433e+00
  +1.31999999999991124433e+00
  +1.31999999999991124433e+00
  +1.31999999999991124433e+00
  +1.31999999999991124433e+00
  +1.31999999999991124433e+00
  +1.31999999999991124433e+00
  +1.31999999999991124433e+00
  +1.31999999999991124433e+00
  +1.31999999999991124433e+00
  +1.31999999999991124433e+00
  +1.31999999999991124433e+00
  +1.31999999999991124433e+00
  +1.31999999999991124433e+00
  +1.31999999999991124433e+00
  +1.31999999999991124433e+00
  +1.31999999999991124433e+00
  +1.31999999999991124433e+00
  +1.31999999999991124433e+00
  +1.31999999999991124433e+00
</dep>
<dep I_out.Vt time>
  +1.31999999999992545519e+00
  +1.34492869369984480166e+00
  +1.36984189331056227523e+00
  +1.39472411437301069270e+00
  +1.41955989168242124876e+00
  +1.44433378890050256871e+00
  +1.46903040814969143568e+00
  +1.49363439958348998005e+00
  +1.51813047092695585505e+00
  +1.54250339698140304101e+00
  +1.56673802908741932605e+00
  +1.59081930454030828770e+00
  +1.61473225595210734262e+00
  +1.63846202055436318545e+00
  +1.66199384943588324148e+00
  +1.68531311670971906125e+00
  +1.70840532860368776724e+00
  +1.73125613246877740892e+00
  +1.75385132569984070194e+00
  +1.77617686456302914522e+00
  +1.79821887292448590046e+00
  +1.81996365087486555723e+00
  +1.84139768324432662183e+00
  +1.86250764800270030008e+00
  +1.88328042453961796987e+00
  +1.90370310181944457639e+00
  +1.92376298640595955192e+00
  +1.94344761035178681396e+00
  +1.96274473894767798043e+00
  +1.98164237832682887941e+00
  +2.00012878291950269016e+00
  +2.01819246275333119556e+00
  +2.03582219059474489598e+00
  +2.05300700892711596168e+00
  +2.06973623676124196535e+00
  +2.08599947627397597216e+00
  +2.10178661927085030925e+00
  +2.11708785346868566535e+00
  +2.13189366859428242051e+00
  +2.14619486229540212818e+00
  +2.15998254586036164682e+00
  +2.17324814974269164836e+00
  +2.18598342888742180889e+00
  +2.19818046785568288470e+00
  +2.20983168574443533672e+00
  +2.22092984089828249239e+00
  +2.23146803541041638397e+00
  +2.24143971940992337011e+00
  +2.25083869513276102481e+00
  +2.25965912077389941004e+00
  +2.26789551411821088678e+00
  +2.27554275594786847847e+00
  +2.28259609322412515553e+00
  +2.28905114204150006429e+00
  +2.29490389035253450345e+00
  +2.30015070046142788840e+00
  +2.30478831128499317416e+00
  +2.30881384037954351385e+00
  +2.31222478573243339639e+00
  +2.31501902731714981343e+00
  +2.31719482841098756154e+00
  +2.31875083667448311786e+00
  +2.31968608499194672845e+00
  +2.31999999207255491740e+00
  +2.31969236281164903346e+00
  +2.31876338841199469698e+00
  +2.31721364626494619188e+00
  +2.31504409959157708698e+00
  +2.31225609684399824317e+00
  +2.30885137086725267253e+00
  +2.30483203782228374124e+00
  +2.30020059587066771911e+00
  +2.29495992362191447711e+00
  +2.28911327834430533557e+00
  +2.28266429394038539158e+00
  +2.27561697868835999259e+00
  +2.26797571275080223074e+00
  +2.25974524545222577032e+00
  +2.25093069232720477402e+00
  +2.24153753194088345424e+00
  +2.23157160248385100232e+00
  +2.22103909814348998708e+00
  +2.20994656525406796277e+00
  +2.19830089822794860765e+00
  +2.18610933527046835678e+00
  +2.17337945388112441236e+00
  +2.16011916614388699287e+00
  +2.14633671380954815788e+00
  +2.13204066317317719736e+00
  +2.11723989974985515872e+00
  +2.10194362275200496981e+00
  +2.08616133937174552671e+00
  +2.06990285887182823288e+00
  +2.05317828648882105824e+00
  +2.03599801715233885702e+00
  +2.01837272902421638321e+00
  +2.00031337686164079059e+00
  +1.98183118520837586729e+00
  +1.96293764141829440995e+00
  +1.94364448851557569675e+00
  +1.92396371789598696900e+00
  +1.90390756187379284192e+00
  +1.88348848607893226692e+00
  +1.86271918170917194502e+00
  +1.84161255764206766017e+00
  +1.82018173241162850573e+00
  +1.79844002605466890543e+00
  +1.77640095183192392447e+00
  +1.75407820782906487267e+00
  +1.73148566844284079735e+00
  +1.70863737575764051968e+00
  +1.68554753081782004998e+00
  +1.66223048480124480086e+00
  +1.63870073009950489862e+00
  +1.61497289131037002896e+00
  +1.59106171614807112569e+00
  +1.56698206627705682870e+00
  +1.54274890807493214595e+00
  +1.51837730333030873631e+00
  +1.49388239988135640424e+00
  +1.46927942220087115466e+00
  +1.44458366193371157138e+00
  +1.41981046839248792324e+00
  +1.39497523901740239083e+00
  +1.37009340980618476991e+00
  +1.34518044572005512904e+00
  +1.32025183107169108432e+00
  +1.29532305990116225480e+00
  +1.27040962634582421664e+00
  +1.24552701501014517760e+00
  +1.22069069134146612754e+00
  +1.19591609201765769477e+00
  +1.17121861535266957866e+00
  +1.14661361172591336199e+00
  +1.12211637404144726204e+00
  +1.09774212822288053104e+00
  +1.07350602374990566901e+00
  +1.04942312424234973633e+00
  +1.02550839809758320698e+00
  +1.00177670918712191650e+00
  +9.78242807618184717633e-01
  +9.54921320565970344063e-01
  +9.31826743182335048843e-01
  +9.08973429586529158009e-01
  +8.86375583943588174485e-01
  +8.64047251635931656821e-01
  +8.42002310533643161250e-01
  +8.20254462368872783173e-01
  +7.98817224219712684885e-01
  +7.77703920108839152903e-01
  +7.56927672722151223539e-01
  +7.36501395252541879444e-01
  +7.16437783373881864613e-01
  +6.96749307350193580746e-01
  +6.77448204284932020691e-01
  +6.58546470515179227512e-01
  +6.40055854155483161527e-01
  +6.21987847795980153265e-01
  +6.04353681359329875100e-01
  +5.87164315120912605472e-01
  +5.70430432896616879113e-01
  +5.54162435402462905110e-01
  +5.38370433790176461386e-01
  +5.23064243362743264143e-01
  +5.08253377473839695888e-01
  +4.93947041614937187859e-01
  +4.80154127693757315498e-01
  +4.66883208507624547501e-01
  +4.54142532415164335013e-01
  +4.41940018209646456882e-01
  +4.30283250197167066453e-01
  +4.19179473482728437439e-01
  +4.08635589467141513431e-01
  +3.98658151557554130129e-01
  +3.89253361094271999043e-01
  +3.80427063496398099041e-01
  +3.72184744628694552659e-01
  +3.64531527391916077008e-01
  +3.57472168538743195754e-01
  +3.51011055717285525013e-01
  +3.45152204743999990733e-01
  +3.39899257107714514170e-01
  +3.35255477706311588726e-01
  +3.31223752817473515719e-01
  +3.27806588304758284025e-01
  +3.25006108060111653657e-01
  +3.22824052683793438767e-01
  +3.21261778402529896148e-01
  +3.20320256226569788360e-01
  +3.20000071346166814479e-01
  +3.20301422767861443397e-01
  +3.21224123190792298921e-01
  +3.22767599123109261150e-01
  +3.24930891238421115652e-01
  +3.27712654972049488578e-01
  +3.31111161356727135008e-01
  +3.35124298097212669489e-01
  +3.39749570883158269474e-01
  +3.44984104939415003876e-01
  +3.50824646812810558849e-01
  +3.57267566394287583442e-01
  +3.64308859175149213350e-01
  +3.71944148736006230394e-01
  +3.80168689466880649341e-01
  +3.88977369516775195457e-01
  +3.98364713970875694571e-01
  +4.08324888253405848815e-01
  +4.18851701754033856062e-01
  +4.29938611675555693026e-01
  +4.41578727100485513013e-01
  +4.53764813274010525568e-01
  +4.66489296100652595101e-01
  +4.79744266851845457822e-01
  +4.93521487081495457971e-01
  +5.07812393746478352163e-01
  +5.22608104528876737938e-01
  +5.37899423356669292851e-01
  +5.53676846119418919479e-01
  +5.69930566575425290310e-01
  +5.86650482446659515823e-01
  +6.03826201697698738968e-01
  +6.21447048994752893059e-01
  +6.39502072340770943981e-01
  +6.57980049882507800341e-01
  +6.76869496885311505707e-01
  +6.96158672871307282470e-01
  +7.15835588916525322745e-01
  +7.35888015102459047689e-01
  +7.56303488117399003166e-01
  +7.77069319002835823262e-01
  +7.98172601040111451276e-01
  +8.19600217772409989081e-01
  +8.41338851157114486767e-01
  +8.63374989843453732874e-01
  +8.85694937570300488971e-01
  +9.08284821678890352814e-01
  +9.31130601735189022961e-01
  +9.54218078256527713066e-01
  +9.77532901537102039136e-01
  +1.00106058056683155932e+00
  +1.02478649203805094459e+00
  +1.04869588943443026174e+00
  +1.07277391219646500709e+00
  +1.09700559495785832098e+00
  +1.12137587684703765589e+00
  +1.14586961084803751199e+00
  +1.17047157321491512860e+00
  +1.19516647293386624185e+00
  +1.21993896122714251540e+00
  +1.24477364109287957916e+00
  +1.26965507687488710076e+00
  +1.29456780385647540754e+00
  +1.31949633787233788773e+00
  +1.34442518493251883527e+00
  +1.36933885085249551494e+00
  +1.39422185088337480252e+00
  +1.41905871933623073389e+00
  +1.44383401919458731477e+00
  +1.46853235170908824614e+00
  +1.49313836596837856696e+00
  +1.51763676844025674484e+00
  +1.54201233247715596697e+00
  +1.56624990778006223380e+00
  +1.59033442981497330493e+00
  +1.61425092917606161080e+00
  +1.63798454088969247522e+00
  +1.66152051365355291068e+00
  +1.68484421900512271186e+00
  +1.70794116041379151483e+00
  +1.73079698229098255524e+00
  +1.75339747891267005997e+00
  +1.77572860324875758664e+00
  +1.79777647569381282544e+00
  +1.81952739269374919040e+00
  +1.84096783526308227508e+00
  +1.86208447738747295830e+00
  +1.88286419430632534500e+00
  +1.90329407067030365042e+00
  +1.92336140856869808324e+00
  +1.94305373542162640454e+00
  +1.96235881173220305662e+00
  +1.98126463869383151462e+00
  +1.99975946564789452964e+00
  +2.01783179738721951679e+00
  +2.03547040130076561937e+00
  +2.05266431435509888459e+00
  +2.06940284990832035206e+00
  +2.08567560435219601089e+00
  +2.10147246357838302089e+00
  +2.11678360926471231807e+00
  +2.13159952497763383050e+00
  +2.14591100208702645347e+00
  +2.15970914548969661340e+00
  +2.17298537913800515753e+00
  +2.18573145137019508866e+00
  +2.19793944003910057816e+00
  +2.20960175743604736454e+00
  +2.22071115500688831546e+00
  +2.23126072785724716141e+00
  +2.24124391904415709575e+00
  +2.25065452365144214042e+00
  +2.25948669264629753428e+00
  +2.26773493651467461518e+00
  +2.27539412867321511058e+00
  +2.28245950865560720544e+00
  +2.28892668507139163125e+00
  +2.29479163833536592421e+00
  +2.30005072316590775117e+00
  +2.30470067085064478363e+00
  +2.30873859127808245262e+00
  +2.31216197473391105177e+00
  +2.31496869346088418595e+00
  +2.31715700298130000689e+00
  +2.31872554318125345674e+00
  +2.31967333915599960292e+00
  +2.31999980181589116057e+00
  +2.31970472825251983195e+00
  +2.31878830186482920439e+00
  +2.31725109224512859640e+00
  +2.31509405482506869234e+00
  +2.31231853028180633913e+00
  +2.30892624370472621109e+00
  +2.30491930352323270981e+00
  +2.30030020019628755890e+00
  +2.29507180466449600686e+00
  +2.28923736656571419346e+00
  +2.28280051221528212935e+00
  +2.27576524235213595304e+00
  +2.26813592965220145459e+00
  +2.25991731601062006973e+00
  +2.25111450959448822218e+00
  +2.24173298166794454644e+00
  +2.23177856319157896792e+00
  +2.22125744119828327783e+00
  +2.21017615494778141283e+00
  +2.19854159186224329403e+00
  +2.18636098324550198768e+00
  +2.17364189978853428187e+00
  +2.16039224686400288533e+00
  +2.14662025961277658226e+00
  +2.13233449782549566720e+00
  +2.11754384062234723984e+00
  +2.10225748093437125874e+00
  +2.08648491978971817318e+00
  +2.07023596040841706412e+00
  +2.05352070210931358929e+00
  +2.03634953403298091246e+00
  +2.01873312868449028556e+00
  +2.00068243530006029118e+00
  +1.98220867304170500489e+00
  +1.96332332402412546024e+00
  +1.94403812617815097141e+00
  +1.92436506595519096763e+00
  +1.90431637087722016588e+00
  +1.88390450193692782221e+00
  +1.86314214585275950142e+00
  +1.84204220718365907494e+00
  +1.82061780030841857680e+00
  +1.79888224127460927271e+00
  +1.77684903952218342660e+00
  +1.75453188948685601112e+00
  +1.73194466208852415612e+00
  +1.70910139610998168536e+00
  +1.68601628947130510738e+00
  +1.66270369040533250171e+00
  +1.63917808853971314065e+00
  +1.61545410589107829580e+00
  +1.59154648777692830919e+00
  +1.56747009365087475175e+00
  +1.54323988786695953657e+00
  +1.51887093037875930968e+00
  +1.49437836737907958629e+00
  +1.46977742188603888174e+00
  +1.44508338428141946963e+00
  +1.42031160280713319999e+00
  +1.39547747402573230069e+00
  +1.37059643325088664767e+00
  +1.34568394495377541276e+00
  +1.32075549315135698514e+00
  +1.29582657178248372709e+00
  +1.27091267507786565005e+00
  +1.24602928792983647099e+00
  +1.22119187626793079815e+00
  +1.19641587744624833256e+00
  +1.17171669064857608689e+00
  +1.14710966731723829071e+00
  +1.12261010161160923460e+00
  +1.09823322090224917424e+00
  +1.07399417630653348787e+00
  +1.04990803327167769865e+00
  +1.02598976221102566875e+00
  +1.00225422919938544908e+00
  +9.78716186733226023442e-01
  +9.55390264561464142012e-01
  +9.32290960592543904717e-01
  +9.09432631883459352551e-01
  +8.86829485716322363231e-01
  +8.64495570768021082131e-01
  +8.42444768378451058766e-01
  +8.20690783922769062642e-01
  +7.99247138292990766395e-01
  +7.78127159494277131913e-01
  +7.57343974361087357572e-01
  +7.36910500398376910880e-01
  +7.16839437752897379319e-01
  +6.97143261319594809144e-01
  +6.77834212988008277812e-01
  +6.58924294033492619072e-01
  +6.40425257657983526549e-01
  +6.22348601684963975700e-01
  +6.04705561413143133365e-01
  +5.87507102633313071927e-01
  +5.70763914812705719370e-01
  +5.54486404451108083613e-01
  +5.38684688612839690514e-01
  +5.23368588638629894660e-01
  +5.08547624041298496067e-01
  +4.94231006589032295651e-01
  +4.80427634579936646553e-01
  +4.67146087311416602361e-01
  +4.54394619747837902324e-01
  +4.42181157389761603227e-01
  +4.30513291347959237143e-01
  +4.19398273625261164277e-01
  +4.08843012609173328542e-01
  +3.98854068778064063672e-01
  +3.89437650623585707166e-01
  +3.80599610791874876092e-01
  +3.72345442445919050378e-01
  +3.64680275851354762651e-01
  +3.57608875187821251274e-01
  +3.51135635587851546724e-01
  +3.45264580405136634056e-01
  +3.39999358713863997217e-01
  +3.35343243040687299938e-01
  +3.31299127330730303065e-01
  +3.27869525148896112654e-01
  +3.25056568117595090506e-01
  +3.22862004591862317149e-01
  +3.21287198572694054910e-01
  +3.20333128859269455901e-01
  +3.20000388440592642425e-01
  +3.20289184126928083707e-01
  +3.21199336421259751262e-01
  +3.22730279630855876327e-01
  +3.24881062218867477931e-01
  +3.27650347395742724821e-01
  +3.31036413950090646630e-01
  +3.35037157318475831147e-01
  +3.39650090893482525800e-01
  +3.44872347569230019992e-01
  +3.50700681523383850369e-01
  +3.57131470234551717802e-01
  +3.64160716733814671109e-01
  +3.71784052088984462436e-01
  +3.79996738120056742893e-01
  +3.88793670344161568231e-01
  +3.98169381148184120534e-01
  +4.08118043187085555168e-01
  +4.18633473005811440615e-01
  +4.29709134882530485733e-01
  +4.41338144890825123667e-01
  +4.53513275178302310842e-01
  +4.66226958458965667909e-01
  +4.79471292716559083225e-01
  +4.93238046115955897086e-01
  +5.07518662119547880884e-01
  +5.22304264805438456243e-01
  +5.37585664384154227058e-01
  +5.53353362910431245680e-01
  +5.69597560186538065530e-01
  +5.86308159853447641296e-01
  +6.03474775666096197035e-01
  +6.21086737948810752030e-01
  +6.39133100226898842600e-01
  +6.57602646030286619450e-01
  +6.76483895864951167987e-01
  +6.95765114347857593913e-01
  +7.15434317500913685706e-01
  +7.35479280199455742739e-01
  +7.55887543770600744963e-01
  +7.76646423736775837199e-01
  +7.97743017699564793688e-01
  +8.19164213359039550255e-01
  +8.40896696663507414726e-01
  +8.62926960084702487919e-01
  +8.85241311013180265377e-01
  +9.07825880268794849215e-01
  +9.30666630720886622896e-01
  +9.53749366012867971776e-01
  +9.77059739385779835175e-01
  +1.00058326259531993330e+00
  +1.02430531491682219603e+00
  +1.04821115223254990312e+00
  +1.07228591619572632965e+00
  +1.09651464346550886475e+00
  +1.12088227500727688479e+00
  +1.14537366545234875481e+00
  +1.16997359251138788316e+00
  +1.19466676643560543170e+00
</dep>
<dep _net0.Vt time>
  +3.29999999999999982236e+00
  +3.29999999999999982236e+00
  +3.29999999999999982236e+00
  +3.29999999999999982236e+00
  +3.29999999999999982236e+00
  +3.29999999999999982236e+00
  +3.29999999999999982236e+00
  +3.29999999999999982236e+00
  +3.29999999999999982236e+00
  +3.29999999999999982236e+00
  +3.29999999999999982236e+00
  +3.29999999999999982236e+00
  +3.29999999999999982236e+00
  +3.29999999999999982236e+00
  +3.29999999999999982236e+00
  +3.29999999999999982236e+00
  +3.29999999999999982236e+00
  +3.29999999999999982236e+00
  +3.29999999999999982236e+00
  +3.29999999999999982236e+00
  +3.29999999999999982236e+00
  +3.29999999999999982236e+00
  +3.29999999999999982236e+00
  +3.29999999999999982236e+00
  +3.29999999999999982236e+00
  +3.29999999999999982236e+00
  +3.29999999999999982236e+00
  +3.29999999999999982236e+00
  +3.29999999999999982236e+00
  +3.29999999999999982236e+00
  +3.29999999999999982236e+00
  +3.29999999999999982236e+00
  +3.29999999999999982236e+00
  +3.29999999999999982236e+00
  +3.29999999999999982236e+00
  +3.29999999999999982236e+00
  +3.29999999999999982236e+00
  +3.29999999999999982236e+00
  +3.29999999999999982236e+00
  +3.29999999999999982236e+00
  +3.29999999999999982236e+00
  +3.29999999999999982236e+00
  +3.29999999999999982236e+00
  +3.29999999999999982236e+00
  +3.29999999999999982236e+00
  +3.29999999999999982236e+00
  +3.29999999999999982236e+00
  +3.29999999999999982236e+00
  +3.29999999999999982236e+00
  +3.29999999999999982236e+00
  +3.29999999999999982236e+00
  +3.29999999999999982236e+00
  +3.29999999999999982236e+00
  +3.29999999999999982236e+00
  +3.29999999999999982236e+00
  +3.29999999999999982236e+00
  +3.29999999999999982236e+00
  +3.29999999999999982236e+00
  +3.29999999999999982236e+00
  +3.29999999999999982236e+00
  +3.29999999999999982236e+00
  +3.29999999999999982236e+00
  +3.29999999999999982236e+00
  +3.29999999999999982236e+00
  +3.29999999999999982236e+00
  +3.29999999999999982236e+00
  +3.29999999999999982236e+00
  +3.29999999999999982236e+00
  +3.29999999999999982236e+00
  +3.29999999999999982236e+00
  +3.29999999999999982236e+00
  +3.29999999999999982236e+00
  +3.29999999999999982236e+00
  +3.29999999999999982236e+00
  +3.29999999999999982236e+00
  +3.29999999999999982236e+00
  +3.29999999999999982236e+00
  +3.29999999999999982236e+00
  +3.29999999999999982236e+00
  +3.29999999999999982236e+00
  +3.29999999999999982236e+00
  +3.29999999999999982236e+00
  +3.29999999999999982236e+00
  +3.29999999999999982236e+00
  +3.29999999999999982236e+00
  +3.29999999999999982236e+00
  +3.29999999999999982236e+00
  +3.29999999999999982236e+00
  +3.29999999999999982236e+00
  +3.29999999999999982236e+00
  +3.29999999999999982236e+00
  +3.29999999999999982236e+00
  +3.29999999999999982236e+00
  +3.29999999999999982236e+00
  +3.29999999999999982236e+00
  +3.29999999999999982236e+00
  +3.29999999999999982236e+00
  +3.29999999999999982236e+00
  +3.29999999999999982236e+00
  +3.29999999999999982236e+00
  +3.29999999999999982236e+00
  +3.29999999999999982236e+00
  +3.29999999999999982236e+00
  +3.29999999999999982236e+00
  +3.29999999999999982236e+00
  +3.29999999999999982236e+00
  +3.29999999999999982236e+00
  +3.29999999999999982236e+00
  +3.29999999999999982236e+00
  +3.29999999999999982236e+00
  +3.29999999999999982236e+00
  +3.29999999999999982236e+00
  +3.29999999999999982236e+00
  +3.29999999999999982236e+00
  +3.29999999999999982236e+00
  +3.29999999999999982236e+00
  +3.29999999999999982236e+00
  +3.29999999999999982236e+00
  +3.29999999999999982236e+00
  +3.29999999999999982236e+00
  +3.29999999999999982236e+00
  +3.29999999999999982236e+00
  +3.29999999999999982236e+00
  +3.29999999999999982236e+00
  +3.29999999999999982236e+00
  +3.29999999999999982236e+00
  +3.29999999999999982236e+00
  +3.29999999999999982236e+00
  +3.29999999999999982236e+00
  +3.29999999999999982236e+00
  +3.29999999999999982236e+00
  +3.29999999999999982236e+00
  +3.29999999999999982236e+00
  +3.29999999999999982236e+00
  +3.29999999999999982236e+00
  +3.29999999999999982236e+00
  +3.29999999999999982236e+00
  +3.29999999999999982236e+00
  +3.29999999999999982236e+00
  +3.29999999999999982236e+00
  +3.29999999999999982236e+00
  +3.29999999999999982236e+00
  +3.29999999999999982236e+00
  +3.29999999999999982236e+00
  +3.29999999999999982236e+00
  +3.29999999999999982236e+00
  +3.29999999999999982236e+00
  +3.29999999999999982236e+00
  +3.29999999999999982236e+00
  +3.29999999999999982236e+00
  +3.29999999999999982236e+00
  +3.29999999999999982236e+00
  +3.29999999999999982236e+00
  +3.29999999999999982236e+00
  +3.29999999999999982236e+00
  +3.29999999999999982236e+00
  +3.29999999999999982236e+00
  +3.29999999999999982236e+00
  +3.29999999999999982236e+00
  +3.29999999999999982236e+00
  +3.29999999999999982236e+00
  +3.29999999999999982236e+00
  +3.29999999999999982236e+00
  +3.29999999999999982236e+00
  +3.29999999999999982236e+00
  +3.29999999999999982236e+00
  +3.29999999999999982236e+00
  +3.29999999999999982236e+00
  +3.29999999999999982236e+00
  +3.29999999999999982236e+00
  +3.29999999999999982236e+00
  +3.29999999999999982236e+00
  +3.29999999999999982236e+00
  +3.29999999999999982236e+00
  +3.29999999999999982236e+00
  +3.29999999999999982236e+00
  +3.29999999999999982236e+00
  +3.29999999999999982236e+00
  +3.29999999999999982236e+00
  +3.29999999999999982236e+00
  +3.29999999999999982236e+00
  +3.29999999999999982236e+00
  +3.29999999999999982236e+00
  +3.29999999999999982236e+00
  +3.29999999999999982236e+00
  +3.29999999999999982236e+00
  +3.29999999999999982236e+00
  +3.29999999999999982236e+00
  +3.29999999999999982236e+00
  +3.29999999999999982236e+00
  +3.29999999999999982236e+00
  +3.29999999999999982236e+00
  +3.29999999999999982236e+00
  +3.29999999999999982236e+00
  +3.29999999999999982236e+00
  +3.29999999999999982236e+00
  +3.29999999999999982236e+00
  +3.29999999999999982236e+00
  +3.29999999999999982236e+00
  +3.29999999999999982236e+00
  +3.29999999999999982236e+00
  +3.29999999999999982236e+00
  +3.29999999999999982236e+00
  +3.29999999999999982236e+00
  +3.29999999999999982236e+00
  +3.29999999999999982236e+00
  +3.29999999999999982236e+00
  +3.29999999999999982236e+00
  +3.29999999999999982236e+00
  +3.29999999999999982236e+00
  +3.29999999999999982236e+00
  +3.29999999999999982236e+00
  +3.29999999999999982236e+00
  +3.29999999999999982236e+00
  +3.29999999999999982236e+00
  +3.29999999999999982236e+00
  +3.29999999999999982236e+00
  +3.29999999999999982236e+00
  +3.29999999999999982236e+00
  +3.29999999999999982236e+00
  +3.29999999999999982236e+00
  +3.29999999999999982236e+00
  +3.29999999999999982236e+00
  +3.29999999999999982236e+00
  +3.29999999999999982236e+00
  +3.29999999999999982236e+00
  +3.29999999999999982236e+00
  +3.29999999999999982236e+00
  +3.29999999999999982236e+00
  +3.29999999999999982236e+00
  +3.29999999999999982236e+00
  +3.29999999999999982236e+00
  +3.29999999999999982236e+00
  +3.29999999999999982236e+00
  +3.29999999999999982236e+00
  +3.29999999999999982236e+00
  +3.29999999999999982236e+00
  +3.29999999999999982236e+00
  +3.29999999999999982236e+00
  +3.29999999999999982236e+00
  +3.29999999999999982236e+00
  +3.29999999999999982236e+00
  +3.29999999999999982236e+00
  +3.29999999999999982236e+00
  +3.29999999999999982236e+00
  +3.29999999999999982236e+00
  +3.29999999999999982236e+00
  +3.29999999999999982236e+00
  +3.29999999999999982236e+00
  +3.29999999999999982236e+00
  +3.29999999999999982236e+00
  +3.29999999999999982236e+00
  +3.29999999999999982236e+00
  +3.29999999999999982236e+00
  +3.29999999999999982236e+00
  +3.29999999999999982236e+00
  +3.29999999999999982236e+00
  +3.29999999999999982236e+00
  +3.29999999999999982236e+00
  +3.29999999999999982236e+00
  +3.29999999999999982236e+00
  +3.29999999999999982236e+00
  +3.29999999999999982236e+00
  +3.29999999999999982236e+00
  +3.29999999999999982236e+00
  +3.29999999999999982236e+00
  +3.29999999999999982236e+00
  +3.29999999999999982236e+00
  +3.29999999999999982236e+00
  +3.29999999999999982236e+00
  +3.29999999999999982236e+00
  +3.29999999999999982236e+00
  +3.29999999999999982236e+00
  +3.29999999999999982236e+00
  +3.29999999999999982236e+00
  +3.29999999999999982236e+00
  +3.29999999999999982236e+00
  +3.29999999999999982236e+00
  +3.29999999999999982236e+00
  +3.29999999999999982236e+00
  +3.29999999999999982236e+00
  +3.29999999999999982236e+00
  +3.29999999999999982236e+00
  +3.29999999999999982236e+00
  +3.29999999999999982236e+00
  +3.29999999999999982236e+00
  +3.29999999999999982236e+00
  +3.29999999999999982236e+00
  +3.29999999999999982236e+00
  +3.29999999999999982236e+00
  +3.29999999999999982236e+00
  +3.29999999999999982236e+00
  +3.29999999999999982236e+00
  +3.29999999999999982236e+00
  +3.29999999999999982236e+00
  +3.29999999999999982236e+00
  +3.29999999999999982236e+00
  +3.29999999999999982236e+00
  +3.29999999999999982236e+00
  +3.29999999999999982236e+00
  +3.29999999999999982236e+00
  +3.29999999999999982236e+00
  +3.29999999999999982236e+00
  +3.29999999999999982236e+00
  +3.29999999999999982236e+00
  +3.29999999999999982236e+00
  +3.29999999999999982236e+00
  +3.29999999999999982236e+00
  +3.29999999999999982236e+00
  +3.29999999999999982236e+00
  +3.29999999999999982236e+00
  +3.29999999999999982236e+00
  +3.29999999999999982236e+00
  +3.29999999999999982236e+00
  +3.29999999999999982236e+00
  +3.29999999999999982236e+00
  +3.29999999999999982236e+00
  +3.29999999999999982236e+00
  +3.29999999999999982236e+00
  +3.29999999999999982236e+00
  +3.29999999999999982236e+00
  +3.29999999999999982236e+00
  +3.29999999999999982236e+00
  +3.29999999999999982236e+00
  +3.29999999999999982236e+00
  +3.29999999999999982236e+00
  +3.29999999999999982236e+00
  +3.29999999999999982236e+00
  +3.29999999999999982236e+00
  +3.29999999999999982236e+00
  +3.29999999999999982236e+00
  +3.29999999999999982236e+00
  +3.29999999999999982236e+00
  +3.29999999999999982236e+00
  +3.29999999999999982236e+00
  +3.29999999999999982236e+00
  +3.29999999999999982236e+00
  +3.29999999999999982236e+00
  +3.29999999999999982236e+00
  +3.29999999999999982236e+00
  +3.29999999999999982236e+00
  +3.29999999999999982236e+00
  +3.29999999999999982236e+00
  +3.29999999999999982236e+00
  +3.29999999999999982236e+00
  +3.29999999999999982236e+00
  +3.29999999999999982236e+00
  +3.29999999999999982236e+00
  +3.29999999999999982236e+00
  +3.29999999999999982236e+00
  +3.29999999999999982236e+00
  +3.29999999999999982236e+00
  +3.29999999999999982236e+00
  +3.29999999999999982236e+00
  +3.29999999999999982236e+00
  +3.29999999999999982236e+00
  +3.29999999999999982236e+00
  +3.29999999999999982236e+00
  +3.29999999999999982236e+00
  +3.29999999999999982236e+00
  +3.29999999999999982236e+00
  +3.29999999999999982236e+00
  +3.29999999999999982236e+00
  +3.29999999999999982236e+00
  +3.29999999999999982236e+00
  +3.29999999999999982236e+00
  +3.29999999999999982236e+00
  +3.29999999999999982236e+00
  +3.29999999999999982236e+00
  +3.29999999999999982236e+00
  +3.29999999999999982236e+00
  +3.29999999999999982236e+00
  +3.29999999999999982236e+00
  +3.29999999999999982236e+00
  +3.29999999999999982236e+00
  +3.29999999999999982236e+00
  +3.29999999999999982236e+00
  +3.29999999999999982236e+00
  +3.29999999999999982236e+00
  +3.29999999999999982236e+00
  +3.29999999999999982236e+00
  +3.29999999999999982236e+00
  +3.29999999999999982236e+00
  +3.29999999999999982236e+00
  +3.29999999999999982236e+00
  +3.29999999999999982236e+00
  +3.29999999999999982236e+00
  +3.29999999999999982236e+00
  +3.29999999999999982236e+00
  +3.29999999999999982236e+00
  +3.29999999999999982236e+00
  +3.29999999999999982236e+00
  +3.29999999999999982236e+00
  +3.29999999999999982236e+00
  +3.29999999999999982236e+00
  +3.29999999999999982236e+00
  +3.29999999999999982236e+00
  +3.29999999999999982236e+00
  +3.29999999999999982236e+00
  +3.29999999999999982236e+00
  +3.29999999999999982236e+00
  +3.29999999999999982236e+00
  +3.29999999999999982236e+00
  +3.29999999999999982236e+00
  +3.29999999999999982236e+00
  +3.29999999999999982236e+00
  +3.29999999999999982236e+00
  +3.29999999999999982236e+00
  +3.29999999999999982236e+00
  +3.29999999999999982236e+00
  +3.29999999999999982236e+00
  +3.29999999999999982236e+00
  +3.29999999999999982236e+00
  +3.29999999999999982236e+00
  +3.29999999999999982236e+00
  +3.29999999999999982236e+00
  +3.29999999999999982236e+00
  +3.29999999999999982236e+00
  +3.29999999999999982236e+00
  +3.29999999999999982236e+00
  +3.29999999999999982236e+00
  +3.29999999999999982236e+00
  +3.29999999999999982236e+00
  +3.29999999999999982236e+00
  +3.29999999999999982236e+00
  +3.29999999999999982236e+00
  +3.29999999999999982236e+00
  +3.29999999999999982236e+00
  +3.29999999999999982236e+00
  +3.29999999999999982236e+00
  +3.29999999999999982236e+00
  +3.29999999999999982236e+00
  +3.29999999999999982236e+00
  +3.29999999999999982236e+00
  +3.29999999999999982236e+00
  +3.29999999999999982236e+00
  +3.29999999999999982236e+00
  +3.29999999999999982236e+00
  +3.29999999999999982236e+00
  +3.29999999999999982236e+00
  +3.29999999999999982236e+00
  +3.29999999999999982236e+00
  +3.29999999999999982236e+00
  +3.29999999999999982236e+00
  +3.29999999999999982236e+00
  +3.29999999999999982236e+00
  +3.29999999999999982236e+00
  +3.29999999999999982236e+00
  +3.29999999999999982236e+00
  +3.29999999999999982236e+00
  +3.29999999999999982236e+00
  +3.29999999999999982236e+00
  +3.29999999999999982236e+00
  +3.29999999999999982236e+00
  +3.29999999999999982236e+00
  +3.29999999999999982236e+00
  +3.29999999999999982236e+00
  +3.29999999999999982236e+00
  +3.29999999999999982236e+00
  +3.29999999999999982236e+00
  +3.29999999999999982236e+00
  +3.29999999999999982236e+00
  +3.29999999999999982236e+00
  +3.29999999999999982236e+00
  +3.29999999999999982236e+00
  +3.29999999999999982236e+00
  +3.29999999999999982236e+00
  +3.29999999999999982236e+00
  +3.29999999999999982236e+00
  +3.29999999999999982236e+00
  +3.29999999999999982236e+00
  +3.29999999999999982236e+00
  +3.29999999999999982236e+00
  +3.29999999999999982236e+00
  +3.29999999999999982236e+00
  +3.29999999999999982236e+00
  +3.29999999999999982236e+00
  +3.29999999999999982236e+00
  +3.29999999999999982236e+00
  +3.29999999999999982236e+00
  +3.29999999999999982236e+00
  +3.29999999999999982236e+00
  +3.29999999999999982236e+00
  +3.29999999999999982236e+00
  +3.29999999999999982236e+00
  +3.29999999999999982236e+00
  +3.29999999999999982236e+00
  +3.29999999999999982236e+00
  +3.29999999999999982236e+00
  +3.29999999999999982236e+00
  +3.29999999999999982236e+00
  +3.29999999999999982236e+00
  +3.29999999999999982236e+00
  +3.29999999999999982236e+00
  +3.29999999999999982236e+00
  +3.29999999999999982236e+00
  +3.29999999999999982236e+00
  +3.29999999999999982236e+00
  +3.29999999999999982236e+00
  +3.29999999999999982236e+00
</dep>
<indep V1.I 1>
  -1.10000000000004130661e-05
</indep>
<indep Vref_I.V 1>
  +1.31999999999992545519e+00
</indep>
<indep I_out.V 1>
  +1.31999999999992545519e+00
</indep>
<indep _net0.V 1>
  +3.29999999999999982236e+00
</indep>
