<Qucs Dataset 0.0.20>
<indep Vs 101>
  +0.00000000000000000000e+00
  +3.30000000000000015543e-02
  +6.60000000000000031086e-02
  +9.90000000000000046629e-02
  +1.32000000000000006217e-01
  +1.65000000000000007772e-01
  +1.98000000000000009326e-01
  +2.31000000000000010880e-01
  +2.64000000000000012434e-01
  +2.97000000000000041744e-01
  +3.30000000000000015543e-01
  +3.62999999999999989342e-01
  +3.96000000000000018652e-01
  +4.29000000000000047962e-01
  +4.62000000000000021760e-01
  +4.94999999999999995559e-01
  +5.28000000000000024869e-01
  +5.61000000000000054179e-01
  +5.94000000000000083489e-01
  +6.27000000000000001776e-01
  +6.60000000000000031086e-01
  +6.93000000000000060396e-01
  +7.25999999999999978684e-01
  +7.59000000000000007994e-01
  +7.92000000000000037303e-01
  +8.25000000000000066613e-01
  +8.58000000000000095923e-01
  +8.91000000000000014211e-01
  +9.24000000000000043521e-01
  +9.57000000000000072831e-01
  +9.89999999999999991118e-01
  +1.02300000000000013145e+00
  +1.05600000000000004974e+00
  +1.08899999999999996803e+00
  +1.12200000000000010836e+00
  +1.15500000000000002665e+00
  +1.18800000000000016698e+00
  +1.22100000000000008527e+00
  +1.25400000000000000355e+00
  +1.28700000000000014388e+00
  +1.32000000000000006217e+00
  +1.35299999999999998046e+00
  +1.38600000000000012079e+00
  +1.41900000000000003908e+00
  +1.45199999999999995737e+00
  +1.48500000000000009770e+00
  +1.51800000000000001599e+00
  +1.55100000000000015632e+00
  +1.58400000000000007461e+00
  +1.61699999999999999289e+00
  +1.65000000000000013323e+00
  +1.68300000000000005151e+00
  +1.71600000000000019185e+00
  +1.74900000000000011013e+00
  +1.78200000000000002842e+00
  +1.81500000000000016875e+00
  +1.84800000000000008704e+00
  +1.88100000000000000533e+00
  +1.91400000000000014566e+00
  +1.94700000000000006395e+00
  +1.97999999999999998224e+00
  +2.01299999999999990052e+00
  +2.04600000000000026290e+00
  +2.07900000000000018119e+00
  +2.11200000000000009948e+00
  +2.14500000000000001776e+00
  +2.17799999999999993605e+00
  +2.21100000000000029843e+00
  +2.24400000000000021672e+00
  +2.27700000000000013500e+00
  +2.31000000000000005329e+00
  +2.34299999999999997158e+00
  +2.37600000000000033396e+00
  +2.40900000000000025224e+00
  +2.44200000000000017053e+00
  +2.47500000000000008882e+00
  +2.50800000000000000711e+00
  +2.54099999999999992539e+00
  +2.57400000000000028777e+00
  +2.60700000000000020606e+00
  +2.64000000000000012434e+00
  +2.67300000000000004263e+00
  +2.70599999999999996092e+00
  +2.73900000000000032330e+00
  +2.77200000000000024158e+00
  +2.80500000000000015987e+00
  +2.83800000000000007816e+00
  +2.87099999999999999645e+00
  +2.90399999999999991473e+00
  +2.93700000000000027711e+00
  +2.97000000000000019540e+00
  +3.00300000000000011369e+00
  +3.03600000000000003197e+00
  +3.06899999999999995026e+00
  +3.10200000000000031264e+00
  +3.13500000000000023093e+00
  +3.16800000000000014921e+00
  +3.20100000000000006750e+00
  +3.23399999999999998579e+00
  +3.26700000000000034817e+00
  +3.30000000000000026645e+00
</indep>
<dep V_load.V Vs>
  +1.40010219203614396165e-14
  +1.40010219203806531127e-14
  +1.40010219204505588107e-14
  +1.40010219207000550047e-14
  +1.40010219215966143561e-14
  +1.40010219248098341497e-14
  +1.40000034570200066091e-14
  +1.40000034982973222910e-14
  +1.40000036462375196658e-14
  +1.40000041764642934148e-14
  +1.40000060768272574416e-14
  +1.40000128878230290252e-14
  +1.40000372986329544327e-14
  +1.40001247859309338861e-14
  +1.40004383140209110798e-14
  +1.40015616136800518794e-14
  +1.40055782426649103941e-14
  +1.40199236806286536758e-14
  +1.40705362132915378585e-14
  +1.42430543434440880095e-14
  +1.47856781435873871922e-14
  +1.63162502418279737119e-14
  +2.03670256007426130961e-14
  +3.11262485759308652689e-14
  +6.06947239380482662033e-14
  +1.45054644201497940655e-13
  +3.93634938532310481745e-13
  +1.14551916725241865705e-12
  +3.46781777095304953718e-12
  +1.07622638921104806207e-11
  +3.39904071043013613009e-11
  +1.08797528057864847471e-10
  +3.52002044376734592240e-10
  +1.14902135491028374911e-09
  +3.77888169475803631806e-09
  +1.25077729140963279041e-08
  +4.16295782557031472196e-08
  +1.39226677769489277444e-07
  +4.67610351316679988689e-07
  +1.57636830141886600229e-06
  +5.33088782649330495501e-06
  +1.80688731869297955338e-05
  +6.12560257375949142626e-05
  +2.06423289155239152951e-04
  +6.78486443662142677327e-04
  +2.07016272946592035098e-03
  +5.39050696085820527093e-03
  +1.13190237439749815523e-02
  +1.95908166709803030492e-02
  +2.95389996885717653896e-02
  +4.06132874340841901195e-02
  +5.24549183567657728577e-02
  +6.48389816938468727114e-02
  +7.76215620584671112114e-02
  +9.07072079341959686127e-02
  +1.04030222070046918237e-01
  +1.17543824145410674697e-01
  +1.31213690990237719092e-01
  +1.45013973870759343976e-01
  +1.58924759845249591317e-01
  +1.72930402745676253806e-01
  +1.87018394638575058408e-01
  +2.01178583219252415937e-01
  +2.15402616657130396849e-01
  +2.29683541690307108096e-01
  +2.44015507286548222199e-01
  +2.58393542499345929553e-01
  +2.72813387430542120260e-01
  +2.87271362840930244431e-01
  +3.01764268316602357611e-01
  +3.16289301829096869412e-01
  +3.30843995529044365700e-01
  +3.45426164003132973868e-01
  +3.60033862204218069181e-01
  +3.74665350964543286683e-01
  +3.89319068509170140846e-01
  +4.03993606758877743523e-01
  +4.18687691486251400974e-01
  +4.33400165596150688252e-01
  +4.48129974956827825672e-01
  +4.62876156327457100037e-01
  +4.77637827019414873408e-01
  +4.92414176000037340231e-01
  +5.07204456202791753583e-01
  +5.22007977851846050044e-01
  +5.36824102644300360510e-01
  +5.51652238659699700740e-01
  +5.66491835890640560436e-01
  +5.81342382304782745450e-01
  +5.96203400363680025009e-01
  +6.11074443936205136119e-01
  +6.25955095553498264138e-01
  +6.40844963960770397371e-01
  +6.55743681928240951251e-01
  +6.70650904288453197921e-01
  +6.85566306172405770525e-01
  +7.00489581420545959212e-01
  +7.15420441148238772655e-01
  +7.30358612447621124986e-01
  +7.45303837210740338648e-01
  +7.60255871060364629699e-01
</dep>
<dep Vce2.V Vs>
  +4.99999999999998490097e+00
  +4.99999999999998490097e+00
  +4.99999999999998490097e+00
  +4.99999999999998490097e+00
  +4.99999999999998490097e+00
  +4.99999999999998490097e+00
  +4.99999999999998490097e+00
  +4.99999999999998490097e+00
  +4.99999999999998490097e+00
  +4.99999999999998490097e+00
  +4.99999999999998490097e+00
  +4.99999999999998490097e+00
  +4.99999999999998490097e+00
  +4.99999999999998490097e+00
  +4.99999999999998490097e+00
  +4.99999999999998490097e+00
  +4.99999999999998490097e+00
  +4.99999999999998490097e+00
  +4.99999999999998490097e+00
  +4.99999999999998401279e+00
  +4.99999999999998401279e+00
  +4.99999999999998223643e+00
  +4.99999999999997779554e+00
  +4.99999999999996536104e+00
  +4.99999999999993338662e+00
  +4.99999999999984012788e+00
  +4.99999999999956656893e+00
  +4.99999999999873967482e+00
  +4.99999999999618527369e+00
  +4.99999999998816146984e+00
  +4.99999999996261035307e+00
  +4.99999999988032239884e+00
  +4.99999999961279772975e+00
  +4.99999999873607681167e+00
  +4.99999999584322996071e+00
  +4.99999998624145014503e+00
  +4.99999995420746401464e+00
  +4.99999984685065435031e+00
  +4.99999948562861362689e+00
  +4.99999826599486851819e+00
  +4.99999413602339082274e+00
  +4.99998012423949411698e+00
  +4.99993261837168834205e+00
  +4.99977293438192926800e+00
  +4.99925366491197120666e+00
  +4.99772282099758768936e+00
  +4.99407044234305619312e+00
  +4.98754907388162749271e+00
  +4.97845010166192203371e+00
  +4.96750710034257192405e+00
  +4.95532538382250731246e+00
  +4.94229958980755679221e+00
  +4.92867712013676850802e+00
  +4.91461628173568421118e+00
  +4.90022207127238473845e+00
  +4.88556675572294807353e+00
  +4.87070179344004827726e+00
  +4.85566493991073855341e+00
  +4.84048462874216411933e+00
  +4.82518276417022473623e+00
  +4.80977655697975503557e+00
  +4.79427976589756621451e+00
  +4.77870355845882066603e+00
  +4.76305712167715711303e+00
  +4.74734810414066288331e+00
  +4.73158294198479723036e+00
  +4.71576710325071957186e+00
  +4.69990527382640266296e+00
  +4.68400150087497735285e+00
  +4.66805930485173803390e+00
  +4.65208176798799399876e+00
  +4.63607160491805103675e+00
  +4.62003121959655516093e+00
  +4.60396275157535939115e+00
  +4.58786811393900251232e+00
  +4.57174902463991372770e+00
  +4.55560703256523424898e+00
  +4.53944353936512356995e+00
  +4.52325981784423447607e+00
  +4.50705702754748926964e+00
  +4.49083622803979576332e+00
  +4.47459839027864259009e+00
  +4.45834440639995932543e+00
  +4.44207509817692880461e+00
  +4.42579122436296934495e+00
  +4.40949348709126986989e+00
  +4.39318253747433029588e+00
  +4.37685898052029553895e+00
  +4.36052337946473933528e+00
  +4.34417625959995223894e+00
  +4.32781811167017416153e+00
  +4.31144939489115230913e+00
  +4.29507053964315232975e+00
  +4.27868194987893524228e+00
  +4.26228400528270157110e+00
  +4.24587706321035351920e+00
  +4.22946146043739901188e+00
  +4.21303751473693743890e+00
  +4.19660552630761696236e+00
  +4.18016577906818564969e+00
  +4.16371854183359868529e+00
</dep>
<dep Vce1.V Vs>
  +4.99999999999870059497e+00
  +4.99999999999844568777e+00
  +4.99999999999752198221e+00
  +4.99999999999420641217e+00
  +4.99999999998231281495e+00
  +4.99999999993967758627e+00
  +4.99999999978686293645e+00
  +4.99999999923915439126e+00
  +4.99999999727612820521e+00
  +4.99999999024052499408e+00
  +4.99999996502454102654e+00
  +4.99999987464940254256e+00
  +4.99999955074490554097e+00
  +4.99999838991926637277e+00
  +4.99999423030969314397e+00
  +4.99997933301474084544e+00
  +4.99992608076428979302e+00
  +4.99973699984766373206e+00
  +4.99908100992957127318e+00
  +4.99696512686048777141e+00
  +4.99127259274647450127e+00
  +4.97987360862239381021e+00
  +4.96277280390509822894e+00
  +4.94147058552360718409e+00
  +4.91738179590701829369e+00
  +4.89144103908811356263e+00
  +4.86422439895746805405e+00
  +4.83609232979378944606e+00
  +4.80727883632221164589e+00
  +4.77794192776645498810e+00
  +4.74819222737639723420e+00
  +4.71810968229666727325e+00
  +4.68775368094389754958e+00
  +4.65716940066330042924e+00
  +4.62639192377468155826e+00
  +4.59544898779595900606e+00
  +4.56436287485263658681e+00
  +4.53315174835660616992e+00
  +4.50183064384800690760e+00
  +4.47041230075477091788e+00
  +4.43890814389131982409e+00
  +4.40733025251861842975e+00
  +4.37569698761752601257e+00
  +4.34405069287635114961e+00
  +4.31250953691291982750e+00
  +4.28137486633561525906e+00
  +4.25115558978234187038e+00
  +4.22219532780181605602e+00
  +4.19436506389951624385e+00
  +4.16733441303026896918e+00
  +4.14083096873855360798e+00
  +4.11467780801297955406e+00
  +4.08876469106386153385e+00
  +4.06302166421357213721e+00
  +4.03740282008111783796e+00
  +4.01187696488076372958e+00
  +3.98642221867753487885e+00
  +3.96102280177334975519e+00
  +3.93566705740920319556e+00
  +3.91034619463713095655e+00
  +3.88505346442795929107e+00
  +3.85978360467928949262e+00
  +3.83453245704767953228e+00
  +3.80929669652844848926e+00
  +3.78407363681902619845e+00
  +3.75886108774025728962e+00
  +3.73365724912725127638e+00
  +3.70846063072799791982e+00
  +3.68326999095072249446e+00
  +3.65808428947377750617e+00
  +3.63290265018830549337e+00
  +3.60772433193745456492e+00
  +3.58254870520549273394e+00
  +3.55737523339412620160e+00
  +3.53220345766958043754e+00
  +3.50703298461402424024e+00
  +3.48186347609697177674e+00
  +3.45669464091823774865e+00
  +3.43152622787365357837e+00
  +3.40635801997184195500e+00
  +3.38118982958749958456e+00
  +3.35602149438114505386e+00
  +3.33085287384963502078e+00
  +3.30568384639839640826e+00
  +3.28051430684701950113e+00
  +3.25534416429694184458e+00
  +3.23017334030244107623e+00
  +3.20500176729694796762e+00
  +3.17982938723520858204e+00
  +3.15465615041842939448e+00
  +3.12948201447498064454e+00
  +3.10430694347398850041e+00
  +3.07913090715298976008e+00
  +3.05395388024279590411e+00
  +3.02877584187700543694e+00
  +3.00359677507373357130e+00
  +2.97841666628057843980e+00
  +2.95323550497385856062e+00
  +2.92805328330552638860e+00
  +2.90286999579125692961e+00
  +2.87768563903475182997e+00
</dep>
<dep V_adc.V Vs>
  +1.40010219203615867391e-15
  +1.40010219203809868009e-15
  +1.40010219204503395074e-15
  +1.40010219207003630548e-15
  +1.40010219215964183242e-15
  +1.40010219248097386975e-15
  +1.40000034570205091135e-15
  +1.40000034982975218729e-15
  +1.40000036462375851413e-15
  +1.40000041764645734604e-15
  +1.40000060768274984386e-15
  +1.40000128878232834329e-15
  +1.40000372986330301634e-15
  +1.40001247859309575519e-15
  +1.40004383140209205462e-15
  +1.40015616136798988403e-15
  +1.40055782426651281197e-15
  +1.40199236806290402177e-15
  +1.40705362132918033102e-15
  +1.42430543434446753165e-15
  +1.47856781435880703457e-15
  +1.63162502418291518756e-15
  +2.03670256007436323044e-15
  +3.11262485759324374687e-15
  +6.06947239380558014027e-15
  +1.45054644201512992121e-14
  +3.93634938532364149530e-14
  +1.14551916725231621872e-13
  +3.46781777095345706903e-13
  +1.07622638921108921916e-12
  +3.39904071043040181340e-12
  +1.08797528057865968688e-11
  +3.52002044376653399293e-11
  +1.14902135491050533011e-10
  +3.77888169475805038013e-10
  +1.25077729140907779358e-09
  +4.16295782556932359415e-09
  +1.39226677769486402164e-08
  +4.67610351316637134115e-08
  +1.57636830141926474305e-07
  +5.33088782649474681684e-07
  +1.80688731869345334126e-06
  +6.12560257376119057435e-06
  +2.06423289155344876216e-05
  +6.78486443662481897082e-05
  +2.07016272946667625673e-04
  +5.39050696085823215914e-04
  +1.13190237439752595418e-03
  +1.95908166709810602560e-03
  +2.95389996885719787606e-03
  +4.06132874340849742145e-03
  +5.24549183567654762200e-03
  +6.48389816938462100471e-03
  +7.76215620584689691003e-03
  +9.07072079341929120300e-03
  +1.04030222070050151761e-02
  +1.17543824145410515103e-02
  +1.31213690990237240308e-02
  +1.45013973870765349589e-02
  +1.58924759845247808021e-02
  +1.72930402745678259147e-02
  +1.87018394638578319689e-02
  +2.01178583219251382042e-02
  +2.15402616657124762467e-02
  +2.29683541690300085936e-02
  +2.44015507286545474397e-02
  +2.58393542499345124641e-02
  +2.72813387430552133084e-02
  +2.87271362840924027182e-02
  +3.01764268316596084851e-02
  +3.16289301829091387686e-02
  +3.30843995529045975523e-02
  +3.45426164003118374435e-02
  +3.60033862204225674208e-02
  +3.74665350964541940537e-02
  +3.89319068509161383962e-02
  +4.03993606758880352547e-02
  +4.18687691486250013195e-02
  +4.33400165596148634339e-02
  +4.48129974956829046917e-02
  +4.62876156327462345841e-02
  +4.77637827019416691399e-02
  +4.92414176000033343428e-02
  +5.07204456202794765063e-02
  +5.22007977851846050044e-02
  +5.36824102644300402143e-02
  +5.51652238659699686862e-02
  +5.66491835890640602069e-02
  +5.81342382304782731572e-02
  +5.96203400363680066643e-02
  +6.11074443936205149996e-02
  +6.25955095553498291894e-02
  +6.40844963960770369615e-02
  +6.55743681928240840229e-02
  +6.70650904288453142410e-02
  +6.85566306172405715014e-02
  +7.00489581420545986967e-02
  +7.15420441148238717144e-02
  +7.30358612447621069474e-02
  +7.45303837210740394159e-02
  +7.60255871060364629699e-02
</dep>
<dep Ib1.I Vs>
  -6.00025548002408671046e-16
  -6.00025548002373566736e-16
  -6.00025548002245771269e-16
  -6.00025548001785668146e-16
  -6.00025548000136061386e-16
  -6.00025547994222858648e-16
  -6.00000085990377663590e-16
  -6.00000085914420515001e-16
  -6.00000085642184518002e-16
  -6.00000084666474709024e-16
  -6.00000081169476502892e-16
  -6.00000068636081853657e-16
  -6.00000023716294520501e-16
  -5.99999862729153751382e-16
  -5.99999285844177032767e-16
  -5.99997219566250151011e-16
  -5.99989726082845662608e-16
  -5.99963456189134213697e-16
  -5.99871894933612303299e-16
  -5.99571931654460765359e-16
  -5.98725673743837673268e-16
  -5.96809090167057759089e-16
  -5.93056521012169532484e-16
  -5.85525385216306659557e-16
  -5.68308179494018591817e-16
  -5.23508202604920796977e-16
  -3.96469174444656972201e-16
  -1.76857207377879679619e-17
  +1.14637374433219891699e-15
  +4.79655983307040837598e-15
  +1.64136361593142445110e-14
  +5.38202349735846391613e-14
  +1.75425559089600678327e-13
  +5.73938303369002635684e-13
  +1.88887158181841375011e-12
  +6.25332031672557262604e-12
  +2.08142261272179810528e-11
  +6.96127790364098676528e-11
  +2.33804618973431443851e-10
  +7.88183597197885320487e-10
  +2.66544336291727403799e-09
  +9.03443604632909575481e-09
  +3.06280123248477945377e-08
  +1.03211644036914771530e-07
  +3.39243221293712112266e-07
  +1.03508136419862499055e-06
  +2.69525347989735026912e-06
  +5.65951187145834493688e-06
  +9.79540833496312242064e-06
  +1.47694998437618487129e-05
  +2.03066437165202919729e-05
  +2.62274591778622893543e-05
  +3.24194908464032387554e-05
  +3.88107810287171401363e-05
  +4.53536039665825477089e-05
  +5.20151110345093211783e-05
  +5.87719120721932262704e-05
  +6.56068454946052721094e-05
  +7.25069869348703762574e-05
  +7.94623799221192832513e-05
  +8.64652013723330944723e-05
  +9.35091973187854720410e-05
  +1.00589291609118859573e-04
  +1.07701308328059635060e-04
  +1.14841770844658022806e-04
  +1.22007753642778825104e-04
  +1.29196771249182453065e-04
  +1.36406693714784097880e-04
  +1.43635681419975163448e-04
  +1.50882134157813760757e-04
  +1.58144650914061104261e-04
  +1.65421997764033030295e-04
  +1.72713082001086677816e-04
  +1.80016931101637488177e-04
  +1.87332675481798223427e-04
  +1.94659534254113057153e-04
  +2.01996803378962742426e-04
  +2.09343845742646805135e-04
  +2.16700082797597752852e-04
  +2.24064987477942028152e-04
  +2.31438078163253392128e-04
  +2.38818913509230299277e-04
  +2.46207087999549131211e-04
  +2.53602228100920112398e-04
  +2.61003988925462130678e-04
  +2.68412051321690269499e-04
  +2.75826119329389859818e-04
  +2.83245917944865358961e-04
  +2.90671191151935259279e-04
  +2.98101700181388018594e-04
  +3.05537221967652685307e-04
  +3.12977547776300808833e-04
  +3.20422481979938059832e-04
  +3.27871840963674218879e-04
  +3.35325452143784956145e-04
  +3.42783153085762857908e-04
  +3.50244790709832939674e-04
  +3.57710220573680918055e-04
  +3.65179306223372161441e-04
  +3.72651918604936956397e-04
  +3.80127935529747163802e-04
</dep>
<dep i_load.I Vs>
  +7.00051096018079336955e-16
  +7.00051096019049340046e-16
  +7.00051096022516975370e-16
  +7.00051096035018152742e-16
  +7.00051096079820916209e-16
  +7.00051096240486934876e-16
  +7.00000172851025455676e-16
  +7.00000174914876093643e-16
  +7.00000182311879257063e-16
  +7.00000208823228673021e-16
  +7.00000303841374921928e-16
  +7.00000644391164171644e-16
  +7.00001864931651508168e-16
  +7.00006239296547877594e-16
  +7.00021915701046027308e-16
  +7.00078080683994942017e-16
  +7.00278912133256405987e-16
  +7.00996184031452010883e-16
  +7.03526810664590165512e-16
  +7.12152717172233765823e-16
  +7.39283907179403517285e-16
  +8.15812512091457593782e-16
  +1.01835128003718161522e-15
  +1.55631242879662187344e-15
  +3.03473619690279007013e-15
  +7.25273221007564960603e-15
  +1.96817469266182074765e-14
  +5.72759583626158109362e-14
  +1.73390888547672853452e-13
  +5.38113194605544609578e-13
  +1.69952035521520090670e-12
  +5.43987640289329843440e-12
  +1.76001022188326699647e-11
  +5.74510677455252665057e-11
  +1.88944084737902519006e-10
  +6.25388645704538896791e-10
  +2.08147891278466179707e-09
  +6.96133388847432010820e-09
  +2.33805175658318567058e-08
  +7.88184150709632371523e-08
  +2.66544391324737340842e-07
  +9.03443659346726670631e-07
  +3.06280128688059528717e-06
  +1.03211644577672438108e-05
  +3.39243221831240948541e-05
  +1.03508136473333812837e-04
  +2.69525348042911607957e-04
  +5.65951187198762977089e-04
  +9.79540833549053012799e-04
  +1.47694998442859893803e-03
  +2.03066437170424871073e-03
  +2.62274591783827381100e-03
  +3.24194908469231050235e-03
  +3.88107810292344845501e-03
  +4.53536039670964560150e-03
  +5.20151110350250758807e-03
  +5.87719120727052575515e-03
  +6.56068454951186201540e-03
  +7.25069869353826747943e-03
  +7.94623799226239040105e-03
  +8.64652013728391295733e-03
  +9.35091973192891598443e-03
  +1.00589291609625691021e-02
  +1.07701308328562381234e-02
  +1.14841770845150042968e-02
  +1.22007753643272737198e-02
  +1.29196771249672562321e-02
  +1.36406693715276066542e-02
  +1.43635681420462013591e-02
  +1.50882134158298042426e-02
  +1.58144650914545693843e-02
  +1.65421997764522987762e-02
  +1.72713082001559187217e-02
  +1.80016931102112837104e-02
  +1.87332675482270970269e-02
  +1.94659534254580691981e-02
  +2.01996803379440176274e-02
  +2.09343845743125006598e-02
  +2.16700082798074317170e-02
  +2.24064987478414523459e-02
  +2.31438078163731172920e-02
  +2.38818913509708345699e-02
  +2.46207088000016671714e-02
  +2.53602228101397382531e-02
  +2.61003988925923025022e-02
  +2.68412051322150201071e-02
  +2.75826119329849843431e-02
  +2.83245917945320301035e-02
  +2.90671191152391365786e-02
  +2.98101700181840033321e-02
  +3.05537221968102574998e-02
  +3.12977547776749145947e-02
  +3.20422481980385184808e-02
  +3.27871840964120420114e-02
  +3.35325452144226571205e-02
  +3.42783153086202857507e-02
  +3.50244790710272993484e-02
  +3.57710220574119358572e-02
  +3.65179306223810534737e-02
  +3.72651918605370197080e-02
  +3.80127935530182314849e-02
</dep>
<dep ic2.I Vs>
  +1.29982416937852485359e-15
  +1.55492944723328169678e-15
  +2.47776997636498183431e-15
  +5.79381195436080712246e-15
  +1.76872252195305671563e-14
  +6.03224291892969309440e-14
  +2.13137968828434081866e-13
  +7.60846161663676921616e-13
  +2.72387208423111326138e-12
  +9.75947569035028371404e-12
  +3.49754597251765581587e-11
  +1.25350597614008246803e-10
  +4.49255094658063671844e-10
  +1.61008073367967266273e-09
  +5.76969030729397963840e-09
  +2.06669852594674842546e-08
  +7.39192357104612927126e-08
  +2.63000152337634355232e-07
  +9.18990070430116966050e-07
  +3.03487313951303601939e-06
  +8.72740725352657118364e-06
  +2.01263913776070131080e-05
  +3.72271960949015212616e-05
  +5.85294144763934547256e-05
  +8.26182040929823019709e-05
  +1.08558960911886491583e-04
  +1.35775601042532103593e-04
  +1.63907670206209893880e-04
  +1.92721163677788472502e-04
  +2.22058072233544416454e-04
  +2.51807772623603167393e-04
  +2.81890317703333611460e-04
  +3.12246319056101490248e-04
  +3.42830599336699053375e-04
  +3.73608076225318095232e-04
  +4.04551012204039872003e-04
  +4.35637125147361335860e-04
  +4.66848251643392552022e-04
  +4.98169356151993768071e-04
  +5.29587699245228542624e-04
  +5.61091856108679822891e-04
  +5.92669747481383091606e-04
  +6.24303012382476326704e-04
  +6.55949307123650259856e-04
  +6.87490463087080528985e-04
  +7.18625133664387472261e-04
  +7.48844410217662384902e-04
  +7.77804672198183504224e-04
  +8.05634936100484947037e-04
  +8.32665586969730860817e-04
  +8.59169031261445702470e-04
  +8.85322191987023736706e-04
  +9.11235308936134092914e-04
  +9.36978335786425777648e-04
  +9.62597179918881916579e-04
  +9.88123035119240671412e-04
  +1.01357778132246580810e-03
  +1.03897719822665054491e-03
  +1.06433294259079672985e-03
  +1.08965380536286677964e-03
  +1.11494653557204104893e-03
  +1.14021639532071398376e-03
  +1.16546754295231949801e-03
  +1.19070330347155754931e-03
  +1.21592636318097009271e-03
  +1.24113891225974032513e-03
  +1.26634275087275085733e-03
  +1.29153936927200400225e-03
  +1.31673000904927359721e-03
  +1.34191571052622070706e-03
  +1.36709734981169226016e-03
  +1.39227566806254788277e-03
  +1.41745129479450187107e-03
  +1.44262476660587425636e-03
  +1.46779654233041879918e-03
  +1.49296701538597373707e-03
  +1.51813652390302990768e-03
  +1.54330535908175307119e-03
  +1.56847377212634086184e-03
  +1.59364198002815002017e-03
  +1.61881017041250012400e-03
  +1.64397850561885834619e-03
  +1.66914712615036397482e-03
  +1.69431615360161294710e-03
  +1.71948569315297965579e-03
  +1.74465583570305093550e-03
  +1.76982665969755998542e-03
  +1.79499823270304944417e-03
  +1.82017061276479406168e-03
  +1.84534384958156931489e-03
  +1.87051798552502197663e-03
  +1.89569305652601016211e-03
  +1.92086909284701020696e-03
  +1.94604611975719926989e-03
  +1.97122415812299054891e-03
  +1.99640322492626413886e-03
  +2.02158333371942056100e-03
  +2.04676449502614070039e-03
  +2.07194671669448009579e-03
  +2.09713000420874576615e-03
  +2.12231436096525045640e-03
</dep>
<dep V1.I Vs>
  -1.39984971739419196963e-15
  -1.65495499524995027173e-15
  -2.57779552438525984233e-15
  -5.89383750239403901541e-15
  -1.77872507676102629566e-14
  -6.04224547375431899912e-14
  -2.13237968915294705006e-13
  -7.60946161752677364671e-13
  -2.72397208432778309851e-12
  -9.75957569047443953507e-12
  -3.49755597253992308676e-11
  -1.25350697614583996387e-10
  -4.49255194659904852668e-10
  -1.61008083368604922316e-09
  -5.76969040731660967747e-09
  -2.06669853595483445000e-08
  -7.39192358107504833584e-08
  -2.63000152438667068752e-07
  -9.18990070533771881817e-07
  -3.03487313962561686248e-06
  -8.72740725366712952497e-06
  -2.01263913778260151706e-05
  -3.72271960953268131163e-05
  -5.85294144773642425745e-05
  -8.26182040954487263880e-05
  -1.08558960918615714339e-04
  -1.35775601061817376841e-04
  -1.63907670263468155597e-04
  -1.92721163852325723474e-04
  -2.22058072776454181992e-04
  -2.51807774339537148670e-04
  -2.81890323197030254893e-04
  -3.12246336831629230524e-04
  -3.42830657361705131575e-04
  -3.73608267058274411739e-04
  -4.04551643846005925306e-04
  -4.35639227440500279021e-04
  -4.66855282590060037193e-04
  -4.98192970474178615375e-04
  -5.29667305843896591214e-04
  -5.61361065943367216168e-04
  -5.93582225576776709511e-04
  -6.27396441681681254869e-04
  -6.66373683225454671065e-04
  -7.21754028491491841750e-04
  -8.23168351501831971340e-04
  -1.02106501174046670859e-03
  -1.34941537126836335128e-03
  -1.79497117798450064180e-03
  -2.32438507124208861010e-03
  -2.91014004668223953340e-03
  -3.53429556900318377760e-03
  -4.18560388447470569512e-03
  -4.85686721973855803358e-03
  -5.54331118059518852814e-03
  -6.24164924965600175638e-03
  -6.94954090066515241253e-03
  -7.66526859323297775350e-03
  -8.38753862306356942624e-03
  -9.11535417754744982377e-03
  -9.84793187422859130076e-03
  -1.05846453245682699945e-02
  -1.13249859955240894660e-02
  -1.20685354446554878038e-02
  -1.28149452185404803123e-02
  -1.35639220302296442666e-02
  -1.43152166470892627803e-02
  -1.50686154345144682903e-02
  -1.58239338325155270981e-02
  -1.65810112605143562814e-02
  -1.73397070921799470455e-02
  -1.80998974422785126326e-02
  -1.88614725769520180654e-02
  -1.96243348079188639765e-02
  -2.03883967660398318644e-02
  -2.11535799750986741596e-02
  -2.19198136652260823498e-02
  -2.26870337791374235281e-02
  -2.34551821347318938116e-02
  -2.42242057153476166020e-02
  -2.49940560649489565415e-02
  -2.57646887700981146174e-02
  -2.65360630141516541658e-02
  -2.73081411918419079965e-02
  -2.80808885746711527076e-02
  -2.88542730192402792355e-02
  -2.96282647120124607854e-02
  -3.04028359451804716662e-02
  -3.11779609191562764869e-02
  -3.19536155679472563818e-02
  -3.27297774043034603308e-02
  -3.35064253819777405075e-02
  -3.42835397728657592653e-02
  -3.50611020571336695628e-02
  -3.58390948246899432306e-02
  -3.66175016866328237319e-02
  -3.73963071954570708266e-02
  -3.81754967730122754532e-02
  -3.89550566452994267985e-02
  -3.97349737833512170471e-02
  -4.05152358495137476790e-02
</dep>
<dep V2.I Vs>
  +6.00025547994413269949e-16
  +5.94141308214338682774e-16
  +5.81579703727439001958e-16
  +5.45086030348816319362e-16
  +4.22818518478552623322e-16
  -6.86647258697699228312e-18
  -1.53837912122095209349e-15
  -7.01879409830531285491e-15
  -2.66523867761142902608e-14
  -9.70117553692298312594e-14
  -3.49174929133833779518e-13
  -1.25292964098892563134e-12
  -4.49197794388664578893e-12
  -1.61002376685085292311e-11
  -5.76963367363288550695e-11
  -2.06669289591207767150e-10
  -7.39191797435166826884e-10
  -2.63000096703990460158e-09
  -9.18990015129792447122e-09
  -3.03487308454624448773e-08
  -8.72740719889402520571e-08
  -2.01263913233096634783e-07
  -3.72271960409416498869e-07
  -5.85294144227742667785e-07
  -8.26182040397134671795e-07
  -1.08558960858995233586e-06
  -1.35775600990101512935e-06
  -1.63907670154492274571e-06
  -1.92721163627568404055e-06
  -2.22058072187307012222e-06
  -2.51807772589316666210e-06
  -2.81890317706785518054e-06
  -3.12246319181496190162e-06
  -3.42830599860933497478e-06
  -3.73608078064823500734e-06
  -4.04551018408327111946e-06
  -4.35637145912887038221e-06
  -4.66848321207805064194e-06
  -4.98169589908574656135e-06
  -5.29588487381124417086e-06
  -5.61094521504675467698e-06
  -5.92678781870393034457e-06
  -6.24333640348096905267e-06
  -6.56052518721325844605e-06
  -6.87829706262337008539e-06
  -7.19660214982877082548e-06
  -7.51539663652158186863e-06
  -7.83464184024553163060e-06
  -8.15430344390642764159e-06
  -8.47435086768978666674e-06
  -8.79475674933726371627e-06
  -9.11549651120916627084e-06
  -9.43654799738835839049e-06
  -9.75789116771719299405e-06
  -1.00795078384231112396e-05
  -1.04013814611086256639e-05
  -1.07234969335203057664e-05
  -1.10458404367889492684e-05
  -1.13683992948357111361e-05
  -1.16911618524315362639e-05
  -1.20141173690279543055e-05
  -1.23372559259819048567e-05
  -1.26605683452039301798e-05
  -1.29840461175882415217e-05
  -1.33076813398509901200e-05
  -1.36314666586224978768e-05
  -1.39553952208192429189e-05
  -1.42794606294705035579e-05
  -1.46036569042977498566e-05
  -1.49279784464479474496e-05
  -1.52524200068678934740e-05
  -1.55769766578788089928e-05
  -1.59016437675714257722e-05
  -1.62264169766931744330e-05
  -1.65512921777427150511e-05
  -1.68762654960242495822e-05
  -1.72013332724457531525e-05
  -1.75264920478725069177e-05
  -1.78517385488705238982e-05
  -1.81770696746947202219e-05
  -1.85024824853939196380e-05
  -1.88279741909198800639e-05
  -1.91535421411405854019e-05
  -1.94791838166693385037e-05
  -1.98048968204311590471e-05
  -2.01306788698966975838e-05
  -2.04565277899212868669e-05
  -2.07824415061336057516e-05
  -2.11084180388241704626e-05
  -2.14344554972891094581e-05
  -2.17605520745891369049e-05
  -2.20867060426878749398e-05
  -2.24129157479369342802e-05
  -2.27391796068786965635e-05
  -2.30654961023403676007e-05
  -2.33918637797953034058e-05
  -2.37182812439702095614e-05
  -2.40447471556783865724e-05
  -2.43712602288613148322e-05
  -2.46978192278223297198e-05
  -2.50244229646377094422e-05
</dep>
<dep _net7.V Vs>
  +6.00025547994413309518e-11
  +3.30000000594141279509e-02
  +6.60000000581579676640e-02
  +9.90000000545085967474e-02
  +1.32000000042281850909e-01
  +1.64999999999313362586e-01
  +1.97999999846162066941e-01
  +2.30999999298120595181e-01
  +2.63999997334761316026e-01
  +2.96999990298824512180e-01
  +3.29999965082507118463e-01
  +3.62999874707035929955e-01
  +3.95999550802205557698e-01
  +4.28998389976233185372e-01
  +4.61994230366326363857e-01
  +4.94979333071040805692e-01
  +5.27926080820256493631e-01
  +5.60736999903296062797e-01
  +5.93081009984870344276e-01
  +6.23965126915453693890e-01
  +6.51272592801106053884e-01
  +6.72873608676690437846e-01
  +6.88772803959058377288e-01
  +7.00470585577225746121e-01
  +7.09381795960286498648e-01
  +7.16441039141004765156e-01
  +7.22224399009898543333e-01
  +7.27092329845507756581e-01
  +7.31278836372431628732e-01
  +7.34941927812693074351e-01
  +7.38192227410683243782e-01
  +7.41109682293214611093e-01
  +7.43753680818503792871e-01
  +7.46169400139066518740e-01
  +7.48391921935176673841e-01
  +7.50448981591672947822e-01
  +7.52362854087113230861e-01
  +7.54151678792195023782e-01
  +7.55830410091425264341e-01
  +7.57411512618875737424e-01
  +7.58905478495324747890e-01
  +7.60321218129606957170e-01
  +7.61666359651903324135e-01
  +7.62947481278674288774e-01
  +7.64170293737663097744e-01
  +7.65339785017123075406e-01
  +7.66460336347841941773e-01
  +7.67535815975447066606e-01
  +7.68569655609357305082e-01
  +7.69564913231021385798e-01
  +7.70524325066273552132e-01
  +7.71450348879083591669e-01
  +7.72345200261164266387e-01
  +7.73210883228281020685e-01
  +7.74049216157689179418e-01
  +7.74861853889137530693e-01
  +7.75650306647969634000e-01
  +7.76415956321105160676e-01
  +7.77160070516429213328e-01
  +7.77883814756846647676e-01
  +7.78588263097204413832e-01
  +7.79274407401809643403e-01
  +7.79943165479607292134e-01
  +7.80595388241176024735e-01
  +7.81231866014900910855e-01
  +7.81853334137750377586e-01
  +7.82460477918075714143e-01
  +7.83053937052949788900e-01
  +7.83634309570225506825e-01
  +7.84202155355205543508e-01
  +7.84757999313210663495e-01
  +7.85302334212119146351e-01
  +7.85835623242858050119e-01
  +7.86358302330683156534e-01
  +7.86870782225729037407e-01
  +7.87373450397575336268e-01
  +7.87866672755424768404e-01
  +7.88350795212749644314e-01
  +7.88826145112948018401e-01
  +7.89293032530528626545e-01
  +7.89751751460608830691e-01
  +7.90202580908012319760e-01
  +7.90645785885941698723e-01
  +7.91081618333066560744e-01
  +7.91510317956884534851e-01
  +7.91932113010330618330e-01
  +7.92347221007871360676e-01
  +7.92755849386639455112e-01
  +7.93158196117583091933e-01
  +7.93554450271089617530e-01
  +7.93944792541086297177e-01
  +7.94329395731212306586e-01
  +7.94708425206306690036e-01
  +7.95082039312130173236e-01
  +7.95450389765963716826e-01
  +7.95813622020470123886e-01
  +7.96171875602978973419e-01
  +7.96525284432161084780e-01
  +7.96873977113868869893e-01
  +7.97218077217767606690e-01
  +7.97557703536229012364e-01
</dep>
<dep _net9.V Vs>
  +0.00000000000000000000e+00
  +3.30000000000000015543e-02
  +6.60000000000000031086e-02
  +9.90000000000000046629e-02
  +1.32000000000000006217e-01
  +1.65000000000000007772e-01
  +1.98000000000000009326e-01
  +2.31000000000000010880e-01
  +2.64000000000000012434e-01
  +2.97000000000000041744e-01
  +3.30000000000000015543e-01
  +3.62999999999999989342e-01
  +3.96000000000000018652e-01
  +4.29000000000000047962e-01
  +4.62000000000000021760e-01
  +4.94999999999999995559e-01
  +5.28000000000000024869e-01
  +5.61000000000000054179e-01
  +5.94000000000000083489e-01
  +6.27000000000000001776e-01
  +6.60000000000000031086e-01
  +6.93000000000000060396e-01
  +7.25999999999999978684e-01
  +7.59000000000000007994e-01
  +7.92000000000000037303e-01
  +8.25000000000000066613e-01
  +8.58000000000000095923e-01
  +8.91000000000000014211e-01
  +9.24000000000000043521e-01
  +9.57000000000000072831e-01
  +9.89999999999999991118e-01
  +1.02300000000000013145e+00
  +1.05600000000000004974e+00
  +1.08899999999999996803e+00
  +1.12200000000000010836e+00
  +1.15500000000000002665e+00
  +1.18800000000000016698e+00
  +1.22100000000000008527e+00
  +1.25400000000000000355e+00
  +1.28700000000000014388e+00
  +1.32000000000000006217e+00
  +1.35299999999999998046e+00
  +1.38600000000000012079e+00
  +1.41900000000000003908e+00
  +1.45199999999999995737e+00
  +1.48500000000000009770e+00
  +1.51800000000000001599e+00
  +1.55100000000000015632e+00
  +1.58400000000000007461e+00
  +1.61699999999999999289e+00
  +1.65000000000000013323e+00
  +1.68300000000000005151e+00
  +1.71600000000000019185e+00
  +1.74900000000000011013e+00
  +1.78200000000000002842e+00
  +1.81500000000000016875e+00
  +1.84800000000000008704e+00
  +1.88100000000000000533e+00
  +1.91400000000000014566e+00
  +1.94700000000000006395e+00
  +1.97999999999999998224e+00
  +2.01299999999999990052e+00
  +2.04600000000000026290e+00
  +2.07900000000000018119e+00
  +2.11200000000000009948e+00
  +2.14500000000000001776e+00
  +2.17799999999999993605e+00
  +2.21100000000000029843e+00
  +2.24400000000000021672e+00
  +2.27700000000000013500e+00
  +2.31000000000000005329e+00
  +2.34299999999999997158e+00
  +2.37600000000000033396e+00
  +2.40900000000000025224e+00
  +2.44200000000000017053e+00
  +2.47500000000000008882e+00
  +2.50800000000000000711e+00
  +2.54099999999999992539e+00
  +2.57400000000000028777e+00
  +2.60700000000000020606e+00
  +2.64000000000000012434e+00
  +2.67300000000000004263e+00
  +2.70599999999999996092e+00
  +2.73900000000000032330e+00
  +2.77200000000000024158e+00
  +2.80500000000000015987e+00
  +2.83800000000000007816e+00
  +2.87099999999999999645e+00
  +2.90399999999999991473e+00
  +2.93700000000000027711e+00
  +2.97000000000000019540e+00
  +3.00300000000000011369e+00
  +3.03600000000000003197e+00
  +3.06899999999999995026e+00
  +3.10200000000000031264e+00
  +3.13500000000000023093e+00
  +3.16800000000000014921e+00
  +3.20100000000000006750e+00
  +3.23399999999999998579e+00
  +3.26700000000000034817e+00
  +3.30000000000000026645e+00
</dep>
<dep _net6.V Vs>
  +5.00000000000000000000e+00
  +5.00000000000000000000e+00
  +5.00000000000000000000e+00
  +5.00000000000000000000e+00
  +5.00000000000000000000e+00
  +5.00000000000000000000e+00
  +5.00000000000000000000e+00
  +5.00000000000000000000e+00
  +5.00000000000000000000e+00
  +5.00000000000000000000e+00
  +5.00000000000000000000e+00
  +5.00000000000000000000e+00
  +5.00000000000000000000e+00
  +5.00000000000000000000e+00
  +5.00000000000000000000e+00
  +5.00000000000000000000e+00
  +5.00000000000000000000e+00
  +5.00000000000000000000e+00
  +5.00000000000000000000e+00
  +5.00000000000000000000e+00
  +5.00000000000000000000e+00
  +5.00000000000000000000e+00
  +5.00000000000000000000e+00
  +5.00000000000000000000e+00
  +5.00000000000000000000e+00
  +5.00000000000000000000e+00
  +5.00000000000000000000e+00
  +5.00000000000000000000e+00
  +5.00000000000000000000e+00
  +5.00000000000000000000e+00
  +5.00000000000000000000e+00
  +5.00000000000000000000e+00
  +5.00000000000000000000e+00
  +5.00000000000000000000e+00
  +5.00000000000000000000e+00
  +5.00000000000000000000e+00
  +5.00000000000000000000e+00
  +5.00000000000000000000e+00
  +5.00000000000000000000e+00
  +5.00000000000000000000e+00
  +5.00000000000000000000e+00
  +5.00000000000000000000e+00
  +5.00000000000000000000e+00
  +5.00000000000000000000e+00
  +5.00000000000000000000e+00
  +5.00000000000000000000e+00
  +5.00000000000000000000e+00
  +5.00000000000000000000e+00
  +5.00000000000000000000e+00
  +5.00000000000000000000e+00
  +5.00000000000000000000e+00
  +5.00000000000000000000e+00
  +4.99999999999999911182e+00
  +5.00000000000000000000e+00
  +5.00000000000000000000e+00
  +5.00000000000000000000e+00
  +5.00000000000000000000e+00
  +5.00000000000000088818e+00
  +5.00000000000000000000e+00
  +5.00000000000000000000e+00
  +5.00000000000000000000e+00
  +5.00000000000000000000e+00
  +5.00000000000000000000e+00
  +5.00000000000000000000e+00
  +5.00000000000000000000e+00
  +5.00000000000000000000e+00
  +5.00000000000000088818e+00
  +5.00000000000000088818e+00
  +5.00000000000000088818e+00
  +5.00000000000000000000e+00
  +5.00000000000000000000e+00
  +5.00000000000000000000e+00
  +5.00000000000000000000e+00
  +5.00000000000000000000e+00
  +4.99999999999999911182e+00
  +5.00000000000000000000e+00
  +5.00000000000000000000e+00
  +5.00000000000000000000e+00
  +5.00000000000000088818e+00
  +5.00000000000000000000e+00
  +5.00000000000000000000e+00
  +4.99999999999999911182e+00
  +5.00000000000000000000e+00
  +5.00000000000000000000e+00
  +5.00000000000000000000e+00
  +5.00000000000000000000e+00
  +5.00000000000000000000e+00
  +5.00000000000000000000e+00
  +5.00000000000000000000e+00
  +5.00000000000000000000e+00
  +5.00000000000000000000e+00
  +5.00000000000000000000e+00
  +5.00000000000000000000e+00
  +5.00000000000000000000e+00
  +5.00000000000000000000e+00
  +5.00000000000000000000e+00
  +5.00000000000000000000e+00
  +5.00000000000000000000e+00
  +5.00000000000000000000e+00
  +5.00000000000000000000e+00
  +5.00000000000000000000e+00
</dep>
<dep _net8.V Vs>
  +4.99999999999870059497e+00
  +4.99999999999844568777e+00
  +4.99999999999752198221e+00
  +4.99999999999420641217e+00
  +4.99999999998231281495e+00
  +4.99999999993967758627e+00
  +4.99999999978686293645e+00
  +4.99999999923915439126e+00
  +4.99999999727612820521e+00
  +4.99999999024052499408e+00
  +4.99999996502454102654e+00
  +4.99999987464940254256e+00
  +4.99999955074490554097e+00
  +4.99999838991926637277e+00
  +4.99999423030969314397e+00
  +4.99997933301474084544e+00
  +4.99992608076428979302e+00
  +4.99973699984766373206e+00
  +4.99908100992957127318e+00
  +4.99696512686048777141e+00
  +4.99127259274647450127e+00
  +4.97987360862239381021e+00
  +4.96277280390509822894e+00
  +4.94147058552360718409e+00
  +4.91738179590701829369e+00
  +4.89144103908811356263e+00
  +4.86422439895746805405e+00
  +4.83609232979378944606e+00
  +4.80727883632221164589e+00
  +4.77794192776645498810e+00
  +4.74819222737639723420e+00
  +4.71810968229666727325e+00
  +4.68775368094389754958e+00
  +4.65716940066330042924e+00
  +4.62639192377468155826e+00
  +4.59544898779595900606e+00
  +4.56436287485263658681e+00
  +4.53315174835660616992e+00
  +4.50183064384800690760e+00
  +4.47041230075477091788e+00
  +4.43890814389131982409e+00
  +4.40733025251861842975e+00
  +4.37569698761752601257e+00
  +4.34405069287635114961e+00
  +4.31250953691291982750e+00
  +4.28137486633561525906e+00
  +4.25115558978234187038e+00
  +4.22219532780181605602e+00
  +4.19436506389951624385e+00
  +4.16733441303026896918e+00
  +4.14083096873855360798e+00
  +4.11467780801297955406e+00
  +4.08876469106386153385e+00
  +4.06302166421357213721e+00
  +4.03740282008111783796e+00
  +4.01187696488076372958e+00
  +3.98642221867753487885e+00
  +3.96102280177334975519e+00
  +3.93566705740920319556e+00
  +3.91034619463713095655e+00
  +3.88505346442795929107e+00
  +3.85978360467928949262e+00
  +3.83453245704767953228e+00
  +3.80929669652844848926e+00
  +3.78407363681902619845e+00
  +3.75886108774025728962e+00
  +3.73365724912725127638e+00
  +3.70846063072799791982e+00
  +3.68326999095072249446e+00
  +3.65808428947377750617e+00
  +3.63290265018830549337e+00
  +3.60772433193745456492e+00
  +3.58254870520549273394e+00
  +3.55737523339412620160e+00
  +3.53220345766958043754e+00
  +3.50703298461402424024e+00
  +3.48186347609697177674e+00
  +3.45669464091823774865e+00
  +3.43152622787365357837e+00
  +3.40635801997184195500e+00
  +3.38118982958749958456e+00
  +3.35602149438114505386e+00
  +3.33085287384963502078e+00
  +3.30568384639839640826e+00
  +3.28051430684701950113e+00
  +3.25534416429694184458e+00
  +3.23017334030244107623e+00
  +3.20500176729694796762e+00
  +3.17982938723520858204e+00
  +3.15465615041842939448e+00
  +3.12948201447498064454e+00
  +3.10430694347398850041e+00
  +3.07913090715298976008e+00
  +3.05395388024279590411e+00
  +3.02877584187700543694e+00
  +3.00359677507373357130e+00
  +2.97841666628057843980e+00
  +2.95323550497385856062e+00
  +2.92805328330552638860e+00
  +2.90286999579125692961e+00
  +2.87768563903475182997e+00
</dep>
<dep _net4.V Vs>
  +4.99999999999672439799e+00
  +4.99999999999646860260e+00
  +4.99999999999554134433e+00
  +4.99999999999223110336e+00
  +4.99999999998033395343e+00
  +4.99999999993769783657e+00
  +4.99999999978488851582e+00
  +4.99999999923717819428e+00
  +4.99999999727415112005e+00
  +4.99999999023854968527e+00
  +4.99999996502256571773e+00
  +4.99999987464742723375e+00
  +4.99999955074292845580e+00
  +4.99999838991729017579e+00
  +4.99999423030771517062e+00
  +4.99997933301276020757e+00
  +4.99992608076231181968e+00
  +4.99973699984569019961e+00
  +4.99908100992759685255e+00
  +4.99696512685851335078e+00
  +4.99127259274450274518e+00
  +4.97987360862043182408e+00
  +4.96277280390314601277e+00
  +4.94147058552167717238e+00
  +4.91738179590514867812e+00
  +4.89144103908638783196e+00
  +4.86422439895616243177e+00
  +4.83609232979373082628e+00
  +4.80727883632599883867e+00
  +4.77794192778228676843e+00
  +4.74819222743056457148e+00
  +4.71810968247427808819e+00
  +4.68775368152280336176e+00
  +4.65716940255729738851e+00
  +4.62639193000796211663e+00
  +4.59544900843191328477e+00
  +4.56436294353958516012e+00
  +4.53315197807877723335e+00
  +4.50183141540324527341e+00
  +4.47041490176064826301e+00
  +4.43891693985442259418e+00
  +4.40736006615756537030e+00
  +4.37579806005819449410e+00
  +4.34439129130169021664e+00
  +4.31362903954320131561e+00
  +4.28479063483747779628e+00
  +4.26004992626600298422e+00
  +4.24087171697762777001e+00
  +4.22668991140489680447e+00
  +4.21607376251468224382e+00
  +4.20784289300306646453e+00
  +4.20122842329991996735e+00
  +4.19574901085699547565e+00
  +4.19109724160834229423e+00
  +4.18706971317083809225e+00
  +4.18352683129464253398e+00
  +4.18036952851576693035e+00
  +4.17752539190554905701e+00
  +4.17494011429427480664e+00
  +4.17257204838012629722e+00
  +4.17038862895665829456e+00
  +4.16836395583127838904e+00
  +4.16647711935777032011e+00
  +4.16471101401103727113e+00
  +4.16305148060639673702e+00
  +4.16148667476142897215e+00
  +4.16000659424955898658e+00
  +4.15860271998678943106e+00
  +4.15726773963664175682e+00
  +4.15599533219456152011e+00
  +4.15477999820470245140e+00
  +4.15361692455876774233e+00
  +4.15250187580908214358e+00
  +4.15143110602953857580e+00
  +4.15040128675952413317e+00
  +4.14940944765260155691e+00
  +4.14845292724754965974e+00
  +4.14752933186897010387e+00
  +4.14663650110573467344e+00
  +4.14577247864906262009e+00
  +4.14493548752623652831e+00
  +4.14412390896160331977e+00
  +4.14333626424813949995e+00
  +4.14257119913142002332e+00
  +4.14182747030105158359e+00
  +4.14110393365853113323e+00
  +4.14039953408942196234e+00
  +4.13971329651499519997e+00
  +4.13904431803659633715e+00
  +4.13839176101701244903e+00
  +4.13775484696823081521e+00
  +4.13713285113577988739e+00
  +4.13652509768677667523e+00
  +4.13593095542293820444e+00
  +4.13534983395150135266e+00
  +4.13478118025674845626e+00
  +4.13422447562302952662e+00
  +4.13367923286700289509e+00
  +4.13314499384265587878e+00
  +4.13262132718755204053e+00
  +4.13210782628290829166e+00
</dep>
<dep _net1.V Vs>
  +1.40010219203615867391e-15
  +1.40010219203809868009e-15
  +1.40010219204503395074e-15
  +1.40010219207003630548e-15
  +1.40010219215964183242e-15
  +1.40010219248097386975e-15
  +1.40000034570205091135e-15
  +1.40000034982975218729e-15
  +1.40000036462375851413e-15
  +1.40000041764645734604e-15
  +1.40000060768274984386e-15
  +1.40000128878232834329e-15
  +1.40000372986330301634e-15
  +1.40001247859309575519e-15
  +1.40004383140209205462e-15
  +1.40015616136798988403e-15
  +1.40055782426651281197e-15
  +1.40199236806290402177e-15
  +1.40705362132918033102e-15
  +1.42430543434446753165e-15
  +1.47856781435880703457e-15
  +1.63162502418291518756e-15
  +2.03670256007436323044e-15
  +3.11262485759324374687e-15
  +6.06947239380558014027e-15
  +1.45054644201512992121e-14
  +3.93634938532364149530e-14
  +1.14551916725231621872e-13
  +3.46781777095345706903e-13
  +1.07622638921108921916e-12
  +3.39904071043040181340e-12
  +1.08797528057865968688e-11
  +3.52002044376653399293e-11
  +1.14902135491050533011e-10
  +3.77888169475805038013e-10
  +1.25077729140907779358e-09
  +4.16295782556932359415e-09
  +1.39226677769486402164e-08
  +4.67610351316637134115e-08
  +1.57636830141926474305e-07
  +5.33088782649474681684e-07
  +1.80688731869345334126e-06
  +6.12560257376119057435e-06
  +2.06423289155344876216e-05
  +6.78486443662481897082e-05
  +2.07016272946667625673e-04
  +5.39050696085823215914e-04
  +1.13190237439752595418e-03
  +1.95908166709810602560e-03
  +2.95389996885719787606e-03
  +4.06132874340849742145e-03
  +5.24549183567654762200e-03
  +6.48389816938462100471e-03
  +7.76215620584689691003e-03
  +9.07072079341929120300e-03
  +1.04030222070050151761e-02
  +1.17543824145410515103e-02
  +1.31213690990237240308e-02
  +1.45013973870765349589e-02
  +1.58924759845247808021e-02
  +1.72930402745678259147e-02
  +1.87018394638578319689e-02
  +2.01178583219251382042e-02
  +2.15402616657124762467e-02
  +2.29683541690300085936e-02
  +2.44015507286545474397e-02
  +2.58393542499345124641e-02
  +2.72813387430552133084e-02
  +2.87271362840924027182e-02
  +3.01764268316596084851e-02
  +3.16289301829091387686e-02
  +3.30843995529045975523e-02
  +3.45426164003118374435e-02
  +3.60033862204225674208e-02
  +3.74665350964541940537e-02
  +3.89319068509161383962e-02
  +4.03993606758880352547e-02
  +4.18687691486250013195e-02
  +4.33400165596148634339e-02
  +4.48129974956829046917e-02
  +4.62876156327462345841e-02
  +4.77637827019416691399e-02
  +4.92414176000033343428e-02
  +5.07204456202794765063e-02
  +5.22007977851846050044e-02
  +5.36824102644300402143e-02
  +5.51652238659699686862e-02
  +5.66491835890640602069e-02
  +5.81342382304782731572e-02
  +5.96203400363680066643e-02
  +6.11074443936205149996e-02
  +6.25955095553498291894e-02
  +6.40844963960770369615e-02
  +6.55743681928240840229e-02
  +6.70650904288453142410e-02
  +6.85566306172405715014e-02
  +7.00489581420545986967e-02
  +7.15420441148238717144e-02
  +7.30358612447621069474e-02
  +7.45303837210740394159e-02
  +7.60255871060364629699e-02
</dep>
<dep _net0.V Vs>
  +1.54011241123975980932e-14
  +1.54011241124187521873e-14
  +1.54011241124955935503e-14
  +1.54011241127700919018e-14
  +1.54011241137562563857e-14
  +1.54011241172908076250e-14
  +1.54000038027220579149e-14
  +1.54000038481270740839e-14
  +1.54000040108612785744e-14
  +1.54000045941107511553e-14
  +1.54000066845100074826e-14
  +1.54000141766053579602e-14
  +1.54000410284962574490e-14
  +1.54001372645240288524e-14
  +1.54004821454230031345e-14
  +1.54017177750480417634e-14
  +1.54061360669314232061e-14
  +1.54219160486915569087e-14
  +1.54775898346207187812e-14
  +1.56673597777885545551e-14
  +1.62642459579461950156e-14
  +1.79478752660108890966e-14
  +2.24037281608169779043e-14
  +3.42388734335241101991e-14
  +6.67641963318538526545e-14
  +1.59560108621649236711e-13
  +4.32998432385546896698e-13
  +1.26007108397765020319e-12
  +3.81459954804839504213e-12
  +1.18384902813215692340e-11
  +3.73894478147317610949e-11
  +1.19677280863651445955e-10
  +3.87202248814399919245e-10
  +1.26392349040133433382e-09
  +4.15676986423384176966e-09
  +1.37585502055054063181e-08
  +4.57925360812724699866e-08
  +1.53149345546437919315e-07
  +5.14371386448343715335e-07
  +1.73400513156079247659e-06
  +5.86397660914277953081e-06
  +1.98757605056232473928e-05
  +6.73816283113561065310e-05
  +2.27065618070773633796e-04
  +7.46335088028390880588e-04
  +2.27717900241258819349e-03
  +5.92955765694402892052e-03
  +1.24509261183725072897e-02
  +2.15498983380784103758e-02
  +3.24928996574289641330e-02
  +4.46746161774926875410e-02
  +5.77004101924423196124e-02
  +7.13228798632314919814e-02
  +8.53837182643140124583e-02
  +9.97779287276152615505e-02
  +1.14433244277051926474e-01
  +1.29298206559951722738e-01
  +1.44335060089261446592e-01
  +1.59515371257835880670e-01
  +1.74817235829774375588e-01
  +1.90223443020244076251e-01
  +2.05720234102432897316e-01
  +2.21296441541177557610e-01
  +2.36942878322842886973e-01
  +2.52651895859337116690e-01
  +2.68417058015202769639e-01
  +2.84232896749280428139e-01
  +3.00094726173597337038e-01
  +3.15998499125022647149e-01
  +3.31940695148261966096e-01
  +3.47918232012006001241e-01
  +3.63928395081948963252e-01
  +3.79968780403444839067e-01
  +3.96037248424640608846e-01
  +4.12131886060997487675e-01
  +4.28250975360086272303e-01
  +4.44392967434765751022e-01
  +4.60556460634876430049e-01
  +4.76740182155765523930e-01
  +4.92942972452510730363e-01
  +5.09163771960203348499e-01
  +5.25401609721356521732e-01
  +5.41655593600040674573e-01
  +5.57924901823071195395e-01
  +5.74208775637030655048e-01
  +5.90506512908730352152e-01
  +6.06817462525669704121e-01
  +6.23141019479704572070e-01
  +6.39476620535260997791e-01
  +6.55823740400047983101e-01
  +6.72181888329825616424e-01
  +6.88550605108848134961e-01
  +7.04929460356847448210e-01
  +7.21318050121064979763e-01
  +7.37715994717298539918e-01
  +7.54122936789646369782e-01
  +7.70538539562600544031e-01
  +7.86962485263062672125e-01
  +8.03394473692383259689e-01
  +8.19834220931814350308e-01
  +8.36281458166401092669e-01
</dep>
<dep _net5.V Vs>
  +1.40010219203615867391e-15
  +1.40010219203809868009e-15
  +1.40010219204503395074e-15
  +1.40010219207003630548e-15
  +1.40010219215964183242e-15
  +1.40010219248097386975e-15
  +1.40000034570205091135e-15
  +1.40000034982975218729e-15
  +1.40000036462375851413e-15
  +1.40000041764645734604e-15
  +1.40000060768274984386e-15
  +1.40000128878232834329e-15
  +1.40000372986330301634e-15
  +1.40001247859309575519e-15
  +1.40004383140209205462e-15
  +1.40015616136798988403e-15
  +1.40055782426651281197e-15
  +1.40199236806290402177e-15
  +1.40705362132918033102e-15
  +1.42430543434446753165e-15
  +1.47856781435880703457e-15
  +1.63162502418291518756e-15
  +2.03670256007436323044e-15
  +3.11262485759324374687e-15
  +6.06947239380558014027e-15
  +1.45054644201512992121e-14
  +3.93634938532364149530e-14
  +1.14551916725231621872e-13
  +3.46781777095345706903e-13
  +1.07622638921108921916e-12
  +3.39904071043040181340e-12
  +1.08797528057865968688e-11
  +3.52002044376653399293e-11
  +1.14902135491050533011e-10
  +3.77888169475805038013e-10
  +1.25077729140907779358e-09
  +4.16295782556932359415e-09
  +1.39226677769486402164e-08
  +4.67610351316637134115e-08
  +1.57636830141926474305e-07
  +5.33088782649474681684e-07
  +1.80688731869345334126e-06
  +6.12560257376119057435e-06
  +2.06423289155344876216e-05
  +6.78486443662481897082e-05
  +2.07016272946667625673e-04
  +5.39050696085823215914e-04
  +1.13190237439752595418e-03
  +1.95908166709810602560e-03
  +2.95389996885719787606e-03
  +4.06132874340849742145e-03
  +5.24549183567654762200e-03
  +6.48389816938462100471e-03
  +7.76215620584689691003e-03
  +9.07072079341929120300e-03
  +1.04030222070050151761e-02
  +1.17543824145410515103e-02
  +1.31213690990237240308e-02
  +1.45013973870765349589e-02
  +1.58924759845247808021e-02
  +1.72930402745678259147e-02
  +1.87018394638578319689e-02
  +2.01178583219251382042e-02
  +2.15402616657124762467e-02
  +2.29683541690300085936e-02
  +2.44015507286545474397e-02
  +2.58393542499345124641e-02
  +2.72813387430552133084e-02
  +2.87271362840924027182e-02
  +3.01764268316596084851e-02
  +3.16289301829091387686e-02
  +3.30843995529045975523e-02
  +3.45426164003118374435e-02
  +3.60033862204225674208e-02
  +3.74665350964541940537e-02
  +3.89319068509161383962e-02
  +4.03993606758880352547e-02
  +4.18687691486250013195e-02
  +4.33400165596148634339e-02
  +4.48129974956829046917e-02
  +4.62876156327462345841e-02
  +4.77637827019416691399e-02
  +4.92414176000033343428e-02
  +5.07204456202794765063e-02
  +5.22007977851846050044e-02
  +5.36824102644300402143e-02
  +5.51652238659699686862e-02
  +5.66491835890640602069e-02
  +5.81342382304782731572e-02
  +5.96203400363680066643e-02
  +6.11074443936205149996e-02
  +6.25955095553498291894e-02
  +6.40844963960770369615e-02
  +6.55743681928240840229e-02
  +6.70650904288453142410e-02
  +6.85566306172405715014e-02
  +7.00489581420545986967e-02
  +7.15420441148238717144e-02
  +7.30358612447621069474e-02
  +7.45303837210740394159e-02
  +7.60255871060364629699e-02
</dep>
<dep _net2.V Vs>
  +5.00000000000000000000e+00
  +5.00000000000000000000e+00
  +5.00000000000000000000e+00
  +5.00000000000000000000e+00
  +5.00000000000000000000e+00
  +5.00000000000000000000e+00
  +5.00000000000000000000e+00
  +5.00000000000000000000e+00
  +5.00000000000000000000e+00
  +5.00000000000000000000e+00
  +5.00000000000000000000e+00
  +5.00000000000000000000e+00
  +5.00000000000000000000e+00
  +5.00000000000000000000e+00
  +5.00000000000000000000e+00
  +5.00000000000000000000e+00
  +5.00000000000000000000e+00
  +5.00000000000000000000e+00
  +5.00000000000000000000e+00
  +5.00000000000000000000e+00
  +5.00000000000000000000e+00
  +5.00000000000000000000e+00
  +5.00000000000000000000e+00
  +5.00000000000000000000e+00
  +5.00000000000000000000e+00
  +5.00000000000000000000e+00
  +5.00000000000000000000e+00
  +5.00000000000000000000e+00
  +5.00000000000000000000e+00
  +5.00000000000000000000e+00
  +5.00000000000000000000e+00
  +5.00000000000000000000e+00
  +5.00000000000000000000e+00
  +5.00000000000000000000e+00
  +5.00000000000000000000e+00
  +5.00000000000000000000e+00
  +5.00000000000000000000e+00
  +5.00000000000000000000e+00
  +5.00000000000000000000e+00
  +5.00000000000000000000e+00
  +5.00000000000000000000e+00
  +5.00000000000000000000e+00
  +5.00000000000000000000e+00
  +5.00000000000000000000e+00
  +5.00000000000000000000e+00
  +5.00000000000000000000e+00
  +5.00000000000000000000e+00
  +5.00000000000000000000e+00
  +5.00000000000000000000e+00
  +5.00000000000000088818e+00
  +5.00000000000000000000e+00
  +4.99999999999999911182e+00
  +5.00000000000000000000e+00
  +4.99999999999999822364e+00
  +5.00000000000000000000e+00
  +5.00000000000000000000e+00
  +5.00000000000000000000e+00
  +5.00000000000000000000e+00
  +5.00000000000000000000e+00
  +4.99999999999999911182e+00
  +4.99999999999999911182e+00
  +4.99999999999999911182e+00
  +4.99999999999999822364e+00
  +5.00000000000000000000e+00
  +5.00000000000000000000e+00
  +5.00000000000000000000e+00
  +5.00000000000000000000e+00
  +5.00000000000000000000e+00
  +5.00000000000000000000e+00
  +5.00000000000000000000e+00
  +5.00000000000000000000e+00
  +5.00000000000000000000e+00
  +5.00000000000000000000e+00
  +5.00000000000000000000e+00
  +5.00000000000000000000e+00
  +5.00000000000000000000e+00
  +5.00000000000000000000e+00
  +5.00000000000000000000e+00
  +5.00000000000000000000e+00
  +5.00000000000000000000e+00
  +4.99999999999999911182e+00
  +4.99999999999999911182e+00
  +5.00000000000000000000e+00
  +5.00000000000000000000e+00
  +5.00000000000000000000e+00
  +5.00000000000000000000e+00
  +5.00000000000000000000e+00
  +5.00000000000000000000e+00
  +5.00000000000000000000e+00
  +5.00000000000000000000e+00
  +5.00000000000000000000e+00
  +5.00000000000000000000e+00
  +5.00000000000000000000e+00
  +5.00000000000000000000e+00
  +5.00000000000000000000e+00
  +5.00000000000000000000e+00
  +5.00000000000000000000e+00
  +5.00000000000000000000e+00
  +5.00000000000000000000e+00
  +5.00000000000000000000e+00
  +5.00000000000000000000e+00
</dep>
<dep _net3.V Vs>
  +4.99999999999672439799e+00
  +4.99999999999646860260e+00
  +4.99999999999554134433e+00
  +4.99999999999223110336e+00
  +4.99999999998033395343e+00
  +4.99999999993769783657e+00
  +4.99999999978488851582e+00
  +4.99999999923717819428e+00
  +4.99999999727415112005e+00
  +4.99999999023854968527e+00
  +4.99999996502256571773e+00
  +4.99999987464742723375e+00
  +4.99999955074292845580e+00
  +4.99999838991729017579e+00
  +4.99999423030771517062e+00
  +4.99997933301276020757e+00
  +4.99992608076231181968e+00
  +4.99973699984569019961e+00
  +4.99908100992759685255e+00
  +4.99696512685851335078e+00
  +4.99127259274450274518e+00
  +4.97987360862043182408e+00
  +4.96277280390314601277e+00
  +4.94147058552167717238e+00
  +4.91738179590514867812e+00
  +4.89144103908638783196e+00
  +4.86422439895616243177e+00
  +4.83609232979373082628e+00
  +4.80727883632599883867e+00
  +4.77794192778228676843e+00
  +4.74819222743056457148e+00
  +4.71810968247427808819e+00
  +4.68775368152280336176e+00
  +4.65716940255729738851e+00
  +4.62639193000796211663e+00
  +4.59544900843191328477e+00
  +4.56436294353958516012e+00
  +4.53315197807877723335e+00
  +4.50183141540324527341e+00
  +4.47041490176064826301e+00
  +4.43891693985442259418e+00
  +4.40736006615756537030e+00
  +4.37579806005819449410e+00
  +4.34439129130169021664e+00
  +4.31362903954320131561e+00
  +4.28479063483747779628e+00
  +4.26004992626600298422e+00
  +4.24087171697762777001e+00
  +4.22668991140489680447e+00
  +4.21607376251468224382e+00
  +4.20784289300306646453e+00
  +4.20122842329991996735e+00
  +4.19574901085699547565e+00
  +4.19109724160834229423e+00
  +4.18706971317083809225e+00
  +4.18352683129464253398e+00
  +4.18036952851576693035e+00
  +4.17752539190554905701e+00
  +4.17494011429427480664e+00
  +4.17257204838012629722e+00
  +4.17038862895665829456e+00
  +4.16836395583127838904e+00
  +4.16647711935777032011e+00
  +4.16471101401103727113e+00
  +4.16305148060639673702e+00
  +4.16148667476142897215e+00
  +4.16000659424955898658e+00
  +4.15860271998678943106e+00
  +4.15726773963664175682e+00
  +4.15599533219456152011e+00
  +4.15477999820470245140e+00
  +4.15361692455876774233e+00
  +4.15250187580908214358e+00
  +4.15143110602953857580e+00
  +4.15040128675952413317e+00
  +4.14940944765260155691e+00
  +4.14845292724754965974e+00
  +4.14752933186897010387e+00
  +4.14663650110573467344e+00
  +4.14577247864906262009e+00
  +4.14493548752623652831e+00
  +4.14412390896160331977e+00
  +4.14333626424813949995e+00
  +4.14257119913142002332e+00
  +4.14182747030105158359e+00
  +4.14110393365853113323e+00
  +4.14039953408942196234e+00
  +4.13971329651499519997e+00
  +4.13904431803659633715e+00
  +4.13839176101701244903e+00
  +4.13775484696823081521e+00
  +4.13713285113577988739e+00
  +4.13652509768677667523e+00
  +4.13593095542293820444e+00
  +4.13534983395150135266e+00
  +4.13478118025674845626e+00
  +4.13422447562302952662e+00
  +4.13367923286700289509e+00
  +4.13314499384265587878e+00
  +4.13262132718755204053e+00
  +4.13210782628290829166e+00
</dep>
