<Qucs Dataset 0.0.20>
<indep time 501>
  +0.00000000000000000000e+00
  +2.00000000000000016361e-05
  +4.00000000000000032721e-05
  +6.00000000000000082963e-05
  +8.00000000000000065442e-05
  +1.00000000000000004792e-04
  +1.20000000000000016593e-04
  +1.40000000000000014841e-04
  +1.60000000000000013088e-04
  +1.80000000000000011336e-04
  +2.00000000000000009584e-04
  +2.20000000000000007832e-04
  +2.40000000000000033185e-04
  +2.60000000000000031433e-04
  +2.80000000000000029681e-04
  +3.00000000000000027929e-04
  +3.20000000000000026177e-04
  +3.40000000000000024425e-04
  +3.60000000000000022673e-04
  +3.80000000000000020921e-04
  +4.00000000000000019169e-04
  +4.20000000000000017417e-04
  +4.40000000000000015665e-04
  +4.60000000000000013912e-04
  +4.80000000000000066371e-04
  +5.00000000000000010408e-04
  +5.20000000000000062866e-04
  +5.40000000000000006904e-04
  +5.60000000000000059362e-04
  +5.80000000000000003400e-04
  +6.00000000000000055858e-04
  +6.19999999999999999896e-04
  +6.40000000000000052354e-04
  +6.60000000000000104812e-04
  +6.80000000000000048850e-04
  +7.00000000000000101308e-04
  +7.20000000000000045346e-04
  +7.40000000000000097804e-04
  +7.60000000000000041842e-04
  +7.80000000000000094300e-04
  +8.00000000000000038337e-04
  +8.20000000000000090795e-04
  +8.40000000000000034833e-04
  +8.60000000000000087291e-04
  +8.80000000000000031329e-04
  +9.00000000000000083787e-04
  +9.20000000000000027825e-04
  +9.40000000000000080283e-04
  +9.60000000000000132741e-04
  +9.80000000000000185199e-04
  +1.00000000000000002082e-03
  +1.02000000000000007327e-03
  +1.04000000000000012573e-03
  +1.06000000000000017819e-03
  +1.08000000000000001381e-03
  +1.10000000000000006627e-03
  +1.12000000000000011872e-03
  +1.14000000000000017118e-03
  +1.16000000000000000680e-03
  +1.18000000000000005926e-03
  +1.20000000000000011172e-03
  +1.22000000000000016417e-03
  +1.23999999999999999979e-03
  +1.26000000000000005225e-03
  +1.28000000000000010471e-03
  +1.30000000000000015717e-03
  +1.32000000000000020962e-03
  +1.34000000000000004524e-03
  +1.36000000000000009770e-03
  +1.38000000000000015016e-03
  +1.40000000000000020262e-03
  +1.42000000000000003823e-03
  +1.44000000000000009069e-03
  +1.46000000000000014315e-03
  +1.48000000000000019561e-03
  +1.50000000000000003123e-03
  +1.52000000000000008368e-03
  +1.54000000000000013614e-03
  +1.56000000000000018860e-03
  +1.58000000000000002422e-03
  +1.60000000000000007667e-03
  +1.62000000000000012913e-03
  +1.64000000000000018159e-03
  +1.66000000000000023405e-03
  +1.68000000000000006967e-03
  +1.70000000000000012212e-03
  +1.72000000000000017458e-03
  +1.74000000000000022704e-03
  +1.76000000000000006266e-03
  +1.78000000000000011512e-03
  +1.80000000000000016757e-03
  +1.82000000000000022003e-03
  +1.84000000000000005565e-03
  +1.86000000000000010811e-03
  +1.88000000000000016057e-03
  +1.90000000000000021302e-03
  +1.92000000000000026548e-03
  +1.94000000000000010110e-03
  +1.96000000000000037040e-03
  +1.97999999999999998918e-03
  +2.00000000000000004163e-03
  +2.02000000000000009409e-03
  +2.04000000000000014655e-03
  +2.06000000000000019901e-03
  +2.08000000000000025147e-03
  +2.10000000000000030392e-03
  +2.12000000000000035638e-03
  +2.13999999999999997516e-03
  +2.16000000000000002762e-03
  +2.18000000000000008007e-03
  +2.20000000000000013253e-03
  +2.22000000000000018499e-03
  +2.24000000000000023745e-03
  +2.26000000000000028991e-03
  +2.28000000000000034237e-03
  +2.30000000000000039482e-03
  +2.32000000000000001360e-03
  +2.34000000000000006606e-03
  +2.36000000000000011852e-03
  +2.38000000000000017097e-03
  +2.40000000000000022343e-03
  +2.42000000000000027589e-03
  +2.44000000000000032835e-03
  +2.46000000000000038081e-03
  +2.47999999999999999958e-03
  +2.50000000000000005204e-03
  +2.52000000000000010450e-03
  +2.54000000000000015696e-03
  +2.56000000000000020942e-03
  +2.58000000000000026187e-03
  +2.60000000000000031433e-03
  +2.62000000000000036679e-03
  +2.64000000000000041925e-03
  +2.66000000000000003803e-03
  +2.68000000000000009048e-03
  +2.70000000000000014294e-03
  +2.72000000000000019540e-03
  +2.74000000000000024786e-03
  +2.76000000000000030032e-03
  +2.78000000000000035277e-03
  +2.80000000000000040523e-03
  +2.82000000000000002401e-03
  +2.84000000000000007647e-03
  +2.86000000000000012892e-03
  +2.88000000000000018138e-03
  +2.90000000000000023384e-03
  +2.92000000000000028630e-03
  +2.94000000000000033876e-03
  +2.96000000000000039121e-03
  +2.98000000000000044367e-03
  +3.00000000000000006245e-03
  +3.02000000000000011491e-03
  +3.04000000000000016737e-03
  +3.06000000000000021982e-03
  +3.08000000000000027228e-03
  +3.10000000000000032474e-03
  +3.12000000000000037720e-03
  +3.14000000000000042966e-03
  +3.16000000000000004843e-03
  +3.18000000000000010089e-03
  +3.20000000000000015335e-03
  +3.22000000000000020581e-03
  +3.24000000000000025827e-03
  +3.26000000000000031072e-03
  +3.28000000000000036318e-03
  +3.30000000000000041564e-03
  +3.32000000000000046810e-03
  +3.34000000000000008687e-03
  +3.36000000000000013933e-03
  +3.38000000000000019179e-03
  +3.40000000000000024425e-03
  +3.42000000000000029671e-03
  +3.44000000000000034917e-03
  +3.46000000000000040162e-03
  +3.48000000000000045408e-03
  +3.50000000000000007286e-03
  +3.52000000000000012532e-03
  +3.54000000000000017777e-03
  +3.56000000000000023023e-03
  +3.58000000000000028269e-03
  +3.60000000000000033515e-03
  +3.62000000000000038761e-03
  +3.64000000000000044006e-03
  +3.66000000000000049252e-03
  +3.68000000000000011130e-03
  +3.70000000000000016376e-03
  +3.72000000000000021622e-03
  +3.74000000000000026867e-03
  +3.76000000000000032113e-03
  +3.78000000000000037359e-03
  +3.80000000000000042605e-03
  +3.82000000000000047851e-03
  +3.84000000000000053096e-03
  +3.86000000000000014974e-03
  +3.88000000000000020220e-03
  +3.90000000000000025466e-03
  +3.92000000000000074080e-03
  +3.93999999999999992589e-03
  +3.95999999999999997835e-03
  +3.98000000000000003081e-03
  +4.00000000000000008327e-03
  +4.02000000000000013572e-03
  +4.04000000000000018818e-03
  +4.06000000000000024064e-03
  +4.08000000000000029310e-03
  +4.10000000000000034556e-03
  +4.12000000000000039801e-03
  +4.14000000000000045047e-03
  +4.16000000000000050293e-03
  +4.18000000000000055539e-03
  +4.20000000000000060785e-03
  +4.22000000000000066031e-03
  +4.24000000000000071276e-03
  +4.26000000000000076522e-03
  +4.27999999999999995032e-03
  +4.30000000000000000278e-03
  +4.32000000000000005523e-03
  +4.34000000000000010769e-03
  +4.36000000000000016015e-03
  +4.38000000000000021261e-03
  +4.40000000000000026507e-03
  +4.42000000000000031752e-03
  +4.44000000000000036998e-03
  +4.46000000000000042244e-03
  +4.48000000000000047490e-03
  +4.50000000000000052736e-03
  +4.52000000000000057981e-03
  +4.54000000000000063227e-03
  +4.56000000000000068473e-03
  +4.58000000000000073719e-03
  +4.60000000000000078965e-03
  +4.61999999999999997474e-03
  +4.64000000000000002720e-03
  +4.66000000000000007966e-03
  +4.68000000000000013212e-03
  +4.70000000000000018457e-03
  +4.72000000000000023703e-03
  +4.74000000000000028949e-03
  +4.76000000000000034195e-03
  +4.78000000000000039441e-03
  +4.80000000000000044686e-03
  +4.82000000000000049932e-03
  +4.84000000000000055178e-03
  +4.86000000000000060424e-03
  +4.88000000000000065670e-03
  +4.90000000000000070915e-03
  +4.92000000000000076161e-03
  +4.94000000000000081407e-03
  +4.95999999999999999917e-03
  +4.98000000000000005163e-03
  +5.00000000000000010408e-03
  +5.02000000000000015654e-03
  +5.04000000000000020900e-03
  +5.06000000000000026146e-03
  +5.08000000000000031392e-03
  +5.10000000000000036637e-03
  +5.12000000000000041883e-03
  +5.14000000000000047129e-03
  +5.16000000000000052375e-03
  +5.18000000000000057621e-03
  +5.20000000000000062866e-03
  +5.22000000000000068112e-03
  +5.24000000000000073358e-03
  +5.26000000000000078604e-03
  +5.28000000000000083850e-03
  +5.30000000000000002359e-03
  +5.32000000000000007605e-03
  +5.34000000000000012851e-03
  +5.36000000000000018097e-03
  +5.38000000000000023342e-03
  +5.40000000000000028588e-03
  +5.42000000000000033834e-03
  +5.44000000000000039080e-03
  +5.46000000000000044326e-03
  +5.48000000000000049571e-03
  +5.50000000000000054817e-03
  +5.52000000000000060063e-03
  +5.54000000000000065309e-03
  +5.56000000000000070555e-03
  +5.58000000000000075800e-03
  +5.60000000000000081046e-03
  +5.62000000000000086292e-03
  +5.64000000000000004802e-03
  +5.66000000000000010048e-03
  +5.68000000000000015293e-03
  +5.70000000000000020539e-03
  +5.72000000000000025785e-03
  +5.74000000000000031031e-03
  +5.76000000000000036277e-03
  +5.78000000000000041522e-03
  +5.80000000000000046768e-03
  +5.82000000000000052014e-03
  +5.84000000000000057260e-03
  +5.86000000000000062506e-03
  +5.88000000000000067751e-03
  +5.90000000000000072997e-03
  +5.92000000000000078243e-03
  +5.94000000000000083489e-03
  +5.96000000000000088735e-03
  +5.98000000000000007244e-03
  +6.00000000000000012490e-03
  +6.02000000000000017736e-03
  +6.04000000000000022982e-03
  +6.06000000000000028227e-03
  +6.08000000000000033473e-03
  +6.10000000000000038719e-03
  +6.12000000000000043965e-03
  +6.14000000000000049211e-03
  +6.16000000000000054456e-03
  +6.18000000000000059702e-03
  +6.20000000000000064948e-03
  +6.22000000000000070194e-03
  +6.24000000000000075440e-03
  +6.26000000000000080685e-03
  +6.28000000000000085931e-03
  +6.30000000000000091177e-03
  +6.32000000000000009687e-03
  +6.34000000000000014932e-03
  +6.36000000000000020178e-03
  +6.38000000000000025424e-03
  +6.40000000000000030670e-03
  +6.42000000000000035916e-03
  +6.44000000000000041162e-03
  +6.46000000000000046407e-03
  +6.48000000000000051653e-03
  +6.50000000000000056899e-03
  +6.52000000000000062145e-03
  +6.54000000000000067391e-03
  +6.56000000000000072636e-03
  +6.58000000000000077882e-03
  +6.60000000000000083128e-03
  +6.62000000000000088374e-03
  +6.64000000000000093620e-03
  +6.66000000000000012129e-03
  +6.68000000000000017375e-03
  +6.70000000000000022621e-03
  +6.72000000000000027867e-03
  +6.74000000000000033112e-03
  +6.76000000000000038358e-03
  +6.78000000000000043604e-03
  +6.80000000000000048850e-03
  +6.82000000000000054096e-03
  +6.84000000000000059341e-03
  +6.86000000000000064587e-03
  +6.88000000000000069833e-03
  +6.90000000000000075079e-03
  +6.92000000000000080325e-03
  +6.94000000000000085570e-03
  +6.96000000000000090816e-03
  +6.98000000000000096062e-03
  +7.00000000000000014572e-03
  +7.02000000000000019817e-03
  +7.04000000000000025063e-03
  +7.06000000000000030309e-03
  +7.08000000000000035555e-03
  +7.10000000000000040801e-03
  +7.12000000000000046046e-03
  +7.14000000000000051292e-03
  +7.16000000000000056538e-03
  +7.18000000000000061784e-03
  +7.20000000000000067030e-03
  +7.22000000000000072276e-03
  +7.24000000000000077521e-03
  +7.26000000000000082767e-03
  +7.28000000000000088013e-03
  +7.30000000000000093259e-03
  +7.32000000000000098505e-03
  +7.34000000000000017014e-03
  +7.36000000000000022260e-03
  +7.38000000000000027506e-03
  +7.40000000000000032752e-03
  +7.42000000000000037997e-03
  +7.44000000000000043243e-03
  +7.46000000000000048489e-03
  +7.48000000000000053735e-03
  +7.50000000000000058981e-03
  +7.52000000000000064226e-03
  +7.54000000000000069472e-03
  +7.56000000000000074718e-03
  +7.58000000000000079964e-03
  +7.60000000000000085210e-03
  +7.62000000000000090455e-03
  +7.64000000000000095701e-03
  +7.66000000000000100947e-03
  +7.68000000000000106193e-03
  +7.70000000000000024702e-03
  +7.72000000000000029948e-03
  +7.74000000000000035194e-03
  +7.76000000000000040440e-03
  +7.78000000000000045686e-03
  +7.80000000000000050931e-03
  +7.82000000000000056177e-03
  +7.84000000000000148159e-03
  +7.86000000000000066669e-03
  +7.87999999999999985179e-03
  +7.90000000000000077161e-03
  +7.91999999999999995670e-03
  +7.94000000000000087652e-03
  +7.96000000000000006162e-03
  +7.98000000000000098144e-03
  +8.00000000000000016653e-03
  +8.02000000000000108635e-03
  +8.04000000000000027145e-03
  +8.06000000000000119127e-03
  +8.08000000000000037637e-03
  +8.10000000000000129619e-03
  +8.12000000000000048128e-03
  +8.14000000000000140110e-03
  +8.16000000000000058620e-03
  +8.18000000000000150602e-03
  +8.20000000000000069111e-03
  +8.21999999999999987621e-03
  +8.24000000000000079603e-03
  +8.25999999999999998113e-03
  +8.28000000000000090095e-03
  +8.30000000000000008604e-03
  +8.32000000000000100586e-03
  +8.34000000000000019096e-03
  +8.36000000000000111078e-03
  +8.38000000000000029587e-03
  +8.40000000000000121569e-03
  +8.42000000000000040079e-03
  +8.44000000000000132061e-03
  +8.46000000000000050571e-03
  +8.48000000000000142553e-03
  +8.50000000000000061062e-03
  +8.52000000000000153044e-03
  +8.54000000000000071554e-03
  +8.55999999999999990064e-03
  +8.58000000000000082045e-03
  +8.60000000000000000555e-03
  +8.62000000000000092537e-03
  +8.64000000000000011047e-03
  +8.66000000000000103029e-03
  +8.68000000000000021538e-03
  +8.70000000000000113520e-03
  +8.72000000000000032030e-03
  +8.74000000000000124012e-03
  +8.76000000000000042522e-03
  +8.78000000000000134504e-03
  +8.80000000000000053013e-03
  +8.82000000000000144995e-03
  +8.84000000000000063505e-03
  +8.86000000000000155487e-03
  +8.88000000000000073996e-03
  +8.89999999999999992506e-03
  +8.92000000000000084488e-03
  +8.94000000000000002998e-03
  +8.96000000000000094980e-03
  +8.98000000000000013489e-03
  +9.00000000000000105471e-03
  +9.02000000000000023981e-03
  +9.04000000000000115963e-03
  +9.06000000000000034472e-03
  +9.08000000000000126454e-03
  +9.10000000000000044964e-03
  +9.12000000000000136946e-03
  +9.14000000000000055456e-03
  +9.16000000000000147438e-03
  +9.18000000000000065947e-03
  +9.20000000000000157929e-03
  +9.22000000000000076439e-03
  +9.23999999999999994948e-03
  +9.26000000000000086930e-03
  +9.28000000000000005440e-03
  +9.30000000000000097422e-03
  +9.32000000000000015932e-03
  +9.34000000000000107914e-03
  +9.36000000000000026423e-03
  +9.38000000000000118405e-03
  +9.40000000000000036915e-03
  +9.42000000000000128897e-03
  +9.44000000000000047407e-03
  +9.46000000000000139389e-03
  +9.48000000000000057898e-03
  +9.50000000000000149880e-03
  +9.52000000000000068390e-03
  +9.54000000000000160372e-03
  +9.56000000000000078881e-03
  +9.57999999999999997391e-03
  +9.60000000000000089373e-03
  +9.62000000000000007883e-03
  +9.64000000000000099865e-03
  +9.66000000000000018374e-03
  +9.68000000000000110356e-03
  +9.70000000000000028866e-03
  +9.72000000000000120848e-03
  +9.74000000000000039357e-03
  +9.76000000000000131339e-03
  +9.78000000000000049849e-03
  +9.80000000000000141831e-03
  +9.82000000000000060341e-03
  +9.84000000000000152323e-03
  +9.86000000000000070832e-03
  +9.88000000000000162814e-03
  +9.90000000000000081324e-03
  +9.91999999999999999833e-03
  +9.94000000000000091815e-03
  +9.96000000000000010325e-03
  +9.98000000000000102307e-03
  +1.00000000000000002082e-02
</indep>
<dep Ic.It time>
  +1.00000000004115241481e-01
  +4.92079449606735386258e-01
  +4.84315727071050916575e-01
  +4.76705737121126238431e-01
  +4.69246435636331948871e-01
  +4.61934838773894185238e-01
  +4.54768021775307174082e-01
  +4.47743117796382039675e-01
  +4.40857316760462303318e-01
  +4.34107864234347218257e-01
  +4.27492060326472744780e-01
  +4.21007258606911682897e-01
  +4.14650865048758088260e-01
  +4.08420336990473420435e-01
  +4.02313182118780809926e-01
  +3.96326957471699270474e-01
  +3.90459268461317898780e-01
  +3.84707767915922371760e-01
  +3.79070155141087328232e-01
  +3.73544174999361044964e-01
  +3.68127617008173646518e-01
  +3.62818314455607693336e-01
  +3.57614143533677819597e-01
  +3.52513022488773419827e-01
  +3.47512910788921991490e-01
  +3.42611808307544396524e-01
  +3.37807754523369696553e-01
  +3.33098827736195868265e-01
  +3.28483144298177598408e-01
  +3.23958857860336957302e-01
  +3.19524158633992971801e-01
  +3.15177272666816388202e-01
  +3.10916461133220412005e-01
  +3.06740019638800820445e-01
  +3.02646277538551777830e-01
  +2.98633597268579353834e-01
  +2.94700373691049732905e-01
  +2.90845033452107049055e-01
  +2.87066034352507049032e-01
  +2.83361864730711177085e-01
  +2.79731042858198386547e-01
  +2.76172116346748208748e-01
  +2.72683661567462154451e-01
  +2.69264283081289301780e-01
  +2.65912613080826976120e-01
  +2.62627310843176309252e-01
  +2.59407062193629966984e-01
  +2.56250578979982157612e-01
  +2.53156598557245593462e-01
  +2.50123883282572956333e-01
  +2.47151220020179585024e-01
  +2.44237419656069820739e-01
  +2.41381316622370944991e-01
  +2.38581768431087887228e-01
  +2.35837655217088631998e-01
  +2.33147879290140136455e-01
  +2.30511364695814291448e-01
  +2.27927056785088344437e-01
  +2.25393921792467921694e-01
  +2.22910946422464534278e-01
  +2.20477137444260090637e-01
  +2.18091521294398377195e-01
  +2.15753143687343995616e-01
  +2.13461069233752742669e-01
  +2.11214381066299722312e-01
  +2.09012180472918335239e-01
  +2.06853586537300099257e-01
  +2.04737735786513636027e-01
  +2.02663781845602214426e-01
  +2.00630895099018630168e-01
  +1.98638262358766748417e-01
  +1.96685086539111875226e-01
  +1.94770586337733780935e-01
  +1.92893995923193450892e-01
  +1.91054564628587164599e-01
  +1.89251556651267943687e-01
  +1.87484250758512438484e-01
  +1.85751939999015763805e-01
  +1.84053931420099514682e-01
  +1.82389545790519524981e-01
  +1.80758117328762041298e-01
  +1.79158993436720204162e-01
  +1.77591534438644310656e-01
  +1.76055113325260720325e-01
  +1.74549115502958068769e-01
  +1.73072938547940008425e-01
  +1.71625991965245222604e-01
  +1.70207696952540399327e-01
  +1.68817486168589214746e-01
  +1.67454803506307092764e-01
  +1.66119103870309009485e-01
  +1.64809852958862274042e-01
  +1.63526527050157327592e-01
  +1.62268612792810351664e-01
  +1.61035607000514335851e-01
  +1.59827016450756254073e-01
  +1.58642357687520024756e-01
  +1.57481156827895957262e-01
  +1.56342949372520356732e-01
  +1.55227280019767682750e-01
  +1.54133702483622764268e-01
  +1.53061779315158547066e-01
  +1.52011081727550262377e-01
  +1.50981189424552686429e-01
  +1.49971690432375515112e-01
  +1.48982180934886743184e-01
  +1.48012265112079460794e-01
  +1.47061554981737785397e-01
  +1.46129670244237397370e-01
  +1.45216238130419422747e-01
  +1.44320893252476656343e-01
  +1.43443277457792561780e-01
  +1.42583039685674345387e-01
  +1.41739835826922705442e-01
  +1.40913328586182828861e-01
  +1.40103187347020680109e-01
  +1.39309088039670736503e-01
  +1.38530713011403072699e-01
  +1.37767750899457003255e-01
  +1.37019896506490657107e-01
  +1.36286850678497328815e-01
  +1.35568320185138785350e-01
  +1.34864017602448565958e-01
  +1.34173661197857341243e-01
  +1.33496974817495533960e-01
  +1.32833687775727155023e-01
  +1.32183534746871111931e-01
  +1.31546255659066607668e-01
  +1.30921595590240247287e-01
  +1.30309304666132719230e-01
  +1.29709137960345388674e-01
  +1.29120855396365474821e-01
  +1.28544221651531509476e-01
  +1.27979006062900607654e-01
  +1.27424982534979303050e-01
  +1.26881929449281644073e-01
  +1.26349629575678440441e-01
  +1.25827869985501467065e-01
  +1.25316441966368402605e-01
  +1.24815140938694613126e-01
  +1.24323766373857905188e-01
  +1.23842121713983829845e-01
  +1.23370014293319354981e-01
  +1.22907255261163292359e-01
  +1.22453659506322920514e-01
  +1.22009045583066577656e-01
  +1.21573235638542484494e-01
  +1.21146055341634376057e-01
  +1.20727333813226450632e-01
  +1.20316903557848853268e-01
  +1.19914600396676784833e-01
  +1.19520263401856216556e-01
  +1.19133734832130119830e-01
  +1.18754860069739537343e-01
  +1.18383487558573571863e-01
  +1.18019468743544825307e-01
  +1.17662658011164794614e-01
  +1.17312912631296215049e-01
  +1.16970092700058411750e-01
  +1.16634061083863677100e-01
  +1.16304683364561498027e-01
  +1.15981827785668997755e-01
  +1.15665365199666400620e-01
  +1.15355169016335773469e-01
  +1.15051115152122962471e-01
  +1.14753081980501950299e-01
  +1.14460950283322482335e-01
  +1.14174603203120603179e-01
  +1.13893926196374117854e-01
  +1.13618806987682771648e-01
  +1.13349135524856883817e-01
  +1.13084803934894229105e-01
  +1.12825706480829110467e-01
  +1.12571739519436067600e-01
  +1.12322801459770651999e-01
  +1.12078792722531461745e-01
  +1.11839615700226782669e-01
  +1.11605174718130237266e-01
  +1.11375375996008815771e-01
  +1.11150127610609689155e-01
  +1.10929339458889317238e-01
  +1.10712923221970405141e-01
  +1.10500792329813454784e-01
  +1.10292861926587090760e-01
  +1.10089048836724129332e-01
  +1.09889271531650262181e-01
  +1.09693450097171157909e-01
  +1.09501506201505560689e-01
  +1.09313363063951243803e-01
  +1.09128945424171480694e-01
  +1.08948179512089723953e-01
  +1.08770993018380293660e-01
  +1.08597315065543376100e-01
  +1.08427076179553119606e-01
  +1.08260208262066601193e-01
  +1.08096644563183727494e-01
  +1.07936319654745774277e-01
  +1.07779169404163391310e-01
  +1.07625130948762068317e-01
  +1.07474142670636679808e-01
  +1.07326144172002951871e-01
  +1.07181076251037135649e-01
  +1.07038880878194825330e-01
  +1.06899501172997693499e-01
  +1.06762881381280691495e-01
  +1.06628966852889403572e-01
  +1.06497704019819020016e-01
  +1.06369040374786241743e-01
  +1.06242924450225470490e-01
  +1.06119305797701360405e-01
  +1.05998134967727961064e-01
  +1.05879363489988539970e-01
  +1.05762943853946717043e-01
  +1.05648829489841070139e-01
  +1.05536974750056827821e-01
  +1.05427334890865961881e-01
  +1.05319866054528879507e-01
  +1.05214525251750845580e-01
  +1.05111270344485183137e-01
  +1.05010060029077784138e-01
  +1.04910853819744714910e-01
  +1.04813612032377267980e-01
  +1.04718295768667729595e-01
  +1.04624866900549381987e-01
  +1.04533288054944675793e-01
  +1.04443522598815258240e-01
  +1.04355534624508430874e-01
  +1.04269288935393264484e-01
  +1.04184751031781333563e-01
  +1.04101887097126644122e-01
  +1.04020663984497968579e-01
  +1.03941049203319854644e-01
  +1.03863010906375841103e-01
  +1.03786517877068856786e-01
  +1.03711539516934292404e-01
  +1.03638045833400055384e-01
  +1.03566007427788764339e-01
  +1.03495395483558266791e-01
  +1.03426181754774318411e-01
  +1.03358338554811773902e-01
  +1.03291838745279335177e-01
  +1.03226655725163929400e-01
  +1.03162763420189776409e-01
  +1.03100136272388495651e-01
  +1.03038749229875159497e-01
  +1.02978577736827170419e-01
  +1.02919597723661729316e-01
  +1.02861785597407578985e-01
  +1.02805118232267289624e-01
  +1.02749572960366492014e-01
  +1.02695127562686727707e-01
  +1.02641760260177128394e-01
  +1.02589449705042481953e-01
  +1.02538174972203924296e-01
  +1.02487915550928537778e-01
  +1.02438651336624539367e-01
  +1.02390362622799310777e-01
  +1.02343030093176245998e-01
  +1.02296634813968403965e-01
  +1.02251158226304067478e-01
  +1.02206582138803223070e-01
  +1.02162888720300853995e-01
  +1.02120060492713701783e-01
  +1.02078080324049413896e-01
  +1.02036931421552845567e-01
  +1.01996597324989030087e-01
  +1.01957061900058557069e-01
  +1.01918309331944026419e-01
  +1.01880324118983289772e-01
  +1.01843091066469118577e-01
  +1.01806595280570566509e-01
  +1.01770822162375498832e-01
  +1.01735757402050722153e-01
  +1.01701386973117771650e-01
  +1.01667697126842010436e-01
  +1.01634674386733223073e-01
  +1.01602305543154441958e-01
  +1.01570577648037965734e-01
  +1.01539478009706168882e-01
  +1.01508994187794271413e-01
  +1.01479113988274097236e-01
  +1.01449825458576559090e-01
  +1.01421116882810011250e-01
  +1.01392976777073873240e-01
  +1.01365393884864957164e-01
  +1.01338357172574528020e-01
  +1.01311855825074834114e-01
  +1.01285879241392803851e-01
  +1.01260417030469437871e-01
  +1.01235459007003508747e-01
  +1.01210995187376612270e-01
  +1.01187015785660236467e-01
  +1.01163511209701045823e-01
  +1.01140472057283534180e-01
  +1.01117889112369407911e-01
  +1.01095753341410743431e-01
  +1.01074055889736641456e-01
  +1.01052788078011018813e-01
  +1.01031941398760802264e-01
  +1.01011507512972817380e-01
  +1.00991478246758123460e-01
  +1.00971845588082115297e-01
  +1.00952601683559808898e-01
  +1.00933738835314160132e-01
  +1.00915249497896902797e-01
  +1.00897126275270129780e-01
  +1.00879361917848076047e-01
  +1.00861949319596716501e-01
  +1.00844881515191511778e-01
  +1.00828151677231248051e-01
  +1.00811753113506666346e-01
  +1.00795679264323659319e-01
  +1.00779923699879286891e-01
  +1.00764480117689625427e-01
  +1.00749342340068936963e-01
  +1.00734504311658187858e-01
  +1.00719960097003013999e-01
  +1.00705703878179272936e-01
  +1.00691729952465947040e-01
  +1.00678032730063801714e-01
  +1.00664606731859646027e-01
  +1.00651446587234127961e-01
  +1.00638547031913966334e-01
  +1.00625902905865746706e-01
  +1.00613509151231891869e-01
  +1.00601360810307488558e-01
  +1.00589453023557276468e-01
  +1.00577781027671453451e-01
  +1.00566340153660505052e-01
  +1.00555125824987531824e-01
  +1.00544133555737200125e-01
  +1.00533358948821802126e-01
  +1.00522797694222176812e-01
  +1.00512445567263380974e-01
  +1.00502298426925235075e-01
  +1.00492352214185245995e-01
  +1.00482602950395488728e-01
  +1.00473046735690699216e-01
  +1.00463679747428466515e-01
  +1.00454498238660122622e-01
  +1.00445498536631719344e-01
  +1.00436677041315106096e-01
  +1.00428030223967609813e-01
  +1.00419554625720677810e-01
  +1.00411246856196137434e-01
  +1.00403103592150058643e-01
  +1.00395121576143567244e-01
  +1.00387297615239387549e-01
  +1.00379628579725141413e-01
  +1.00372111401860933388e-01
  +1.00364743074652484900e-01
  +1.00357520650648249227e-01
  +1.00350441240760340778e-01
  +1.00343502013108737403e-01
  +1.00336700191888852918e-01
  +1.00330033056260717328e-01
  +1.00323497939260944389e-01
  +1.00317092226735529725e-01
  +1.00310813356294714627e-01
  +1.00304658816287362022e-01
  +1.00298626144796634851e-01
  +1.00292712928655269877e-01
  +1.00286916802479988964e-01
  +1.00281235447725228238e-01
  +1.00275666591756074109e-01
  +1.00270208006938921219e-01
  +1.00264857509750393572e-01
  +1.00259612959904084728e-01
  +1.00254472259494048503e-01
  +1.00249433352155969956e-01
  +1.00244494222244323600e-01
  +1.00239652894026309848e-01
  +1.00234907430891348468e-01
  +1.00230255934576406585e-01
  +1.00225696544406758792e-01
  +1.00221227436551735268e-01
  +1.00216846823294944424e-01
  +1.00212552952319317034e-01
  +1.00208344106006166929e-01
  +1.00204218600747962942e-01
  +1.00200174786275103544e-01
  +1.00196211044995556194e-01
  +1.00192325791347791597e-01
  +1.00188517471166943507e-01
  +1.00184784561062265040e-01
  +1.00181125567808684829e-01
  +1.00177539027749021305e-01
  +1.00174023506208520473e-01
  +1.00170577596920912233e-01
  +1.00167199921466068546e-01
  +1.00163889128718430754e-01
  +1.00160643894306705670e-01
  +1.00157462920084011637e-01
  +1.00154344933608585588e-01
  +1.00151288687634648644e-01
  +1.00148292959613804953e-01
  +1.00145356551205821916e-01
  +1.00142478287799222003e-01
  +1.00139657018041408620e-01
  +1.00136891613378353760e-01
  +1.00134180967602889889e-01
  +1.00131523996412272193e-01
  +1.00128919636974539342e-01
  +1.00126366847503270319e-01
  +1.00123864606840834446e-01
  +1.00121411914050009728e-01
  +1.00119007788013497651e-01
  +1.00116651267041417706e-01
  +1.00114341408486920426e-01
  +1.00112077288368628292e-01
  +1.00109858001001500449e-01
  +1.00107682658634136730e-01
  +1.00105550391094019758e-01
  +1.00103460345439237988e-01
  +1.00101411685617314173e-01
  +1.00099403592130709040e-01
  +1.00097435261709125087e-01
  +1.00095505906988235800e-01
  +1.00093614756194396187e-01
  +1.00091761052836403234e-01
  +1.00089944055402529921e-01
  +1.00088163037064137306e-01
  +1.00086417285384574050e-01
  +1.00084706102034681763e-01
  +1.00083028802513074318e-01
  +1.00081384715872398483e-01
  +1.00079773184451117918e-01
  +1.00078193563610334804e-01
  +1.00076645221475676872e-01
  +1.00075127538685124118e-01
  +1.00073639908140596400e-01
  +1.00072181734765480732e-01
  +1.00070752435266627223e-01
  +1.00069351437900716517e-01
  +1.00067978182245914676e-01
  +1.00066632118977469346e-01
  +1.00065312709648052136e-01
  +1.00064019426472264329e-01
  +1.00062751752115736137e-01
  +1.00061509179487792554e-01
  +1.00060291211539142964e-01
  +1.00059097361062651621e-01
  +1.00057927150498604529e-01
  +1.00056780111743612305e-01
  +1.00055655785963357185e-01
  +1.00054553723409059285e-01
  +1.00053473483237675978e-01
  +1.00052414633335501337e-01
  +1.00051376750145235017e-01
  +1.00050359418496534469e-01
  +1.00049362231440050475e-01
  +1.00048384790084668450e-01
  +1.00047426703437872253e-01
  +1.00046487588249230494e-01
  +1.00045567068857380044e-01
  +1.00044664777039465919e-01
  +1.00043780351863925704e-01
  +1.00042913439546160559e-01
  +1.00042063693307162198e-01
  +1.00041230773234471330e-01
  +1.00040414346146508406e-01
  +1.00039614085458958281e-01
  +1.00038829671054402271e-01
  +1.00038060789154281682e-01
  +1.00037307132193262205e-01
  +1.00036568398696165683e-01
  +1.00035844293157538676e-01
  +1.00035134525923274929e-01
  +1.00034438813074805230e-01
  +1.00033756876315674256e-01
  +1.00033088442860060296e-01
  +1.00032433245323570947e-01
  +1.00031791021616467408e-01
  +1.00031161514838762283e-01
  +1.00030544473177399056e-01
  +1.00029939649805624247e-01
  +1.00029346802784135928e-01
  +1.00028765694964383304e-01
  +1.00028196093893864682e-01
  +1.00027637771722716087e-01
  +1.00027090505112922769e-01
  +1.00026554075148946255e-01
  +1.00026028267249961212e-01
  +1.00025512871084160116e-01
  +1.00025007680484681605e-01
  +1.00024512493367037647e-01
  +1.00024027111648233790e-01
  +1.00023551341167693529e-01
  +1.00023084991609348404e-01
  +1.00022627876425740379e-01
  +1.00022179812763414852e-01
  +1.00021740621389507164e-01
  +1.00021310126620188719e-01
  +1.00020888156250653545e-01
  +1.00020474541485646092e-01
  +1.00020069116872639681e-01
  +1.00019671720235098222e-01
  +1.00019282192607888993e-01
  +1.00018900378173514198e-01
  +1.00018526124200035632e-01
  +1.00018159280979609949e-01
</dep>
<dep Vc.Vt time>
  +1.00000000004115241481e+00
  +4.92079449606735330747e+00
  +4.84315727071050883268e+00
  +4.76705737121126116307e+00
  +4.69246435636331860053e+00
  +4.61934838773894096420e+00
  +4.54768021775307129673e+00
  +4.47743117796381895346e+00
  +4.40857316760462225602e+00
  +4.34107864234347129440e+00
  +4.27492060326472689269e+00
  +4.21007258606911616283e+00
  +4.14650865048758010545e+00
  +4.08420336990473309413e+00
  +4.02313182118780687802e+00
  +3.96326957471699214963e+00
  +3.90459268461317821064e+00
  +3.84707767915922316249e+00
  +3.79070155141087195005e+00
  +3.73544174999360967249e+00
  +3.68127617008173579904e+00
  +3.62818314455607593416e+00
  +3.57614143533677752984e+00
  +3.52513022488773364316e+00
  +3.47512910788922013694e+00
  +3.42611808307544363217e+00
  +3.37807754523369618838e+00
  +3.33098827736195834959e+00
  +3.28483144298177576204e+00
  +3.23958857860336912893e+00
  +3.19524158633992927392e+00
  +3.15177272666816365998e+00
  +3.10916461133220334290e+00
  +3.06740019638800776036e+00
  +3.02646277538551711217e+00
  +2.98633597268579320527e+00
  +2.94700373691049710700e+00
  +2.90845033452107060157e+00
  +2.87066034352506971317e+00
  +2.83361864730711099369e+00
  +2.79731042858198319934e+00
  +2.76172116346748142135e+00
  +2.72683661567462110042e+00
  +2.69264283081289246269e+00
  +2.65912613080826920609e+00
  +2.62627310843176253741e+00
  +2.59407062193629922575e+00
  +2.56250578979982090999e+00
  +2.53156598557245526848e+00
  +2.50123883282572867515e+00
  +2.47151220020179573922e+00
  +2.44237419656069798535e+00
  +2.41381316622370922786e+00
  +2.38581768431087848370e+00
  +2.35837655217088659754e+00
  +2.33147879290140114250e+00
  +2.30511364695814258141e+00
  +2.27927056785088311130e+00
  +2.25393921792467910592e+00
  +2.22910946422464517624e+00
  +2.20477137444260096188e+00
  +2.18091521294398349440e+00
  +2.15753143687344017820e+00
  +2.13461069233752720464e+00
  +2.11214381066299683454e+00
  +2.09012180472918318586e+00
  +2.06853586537300060400e+00
  +2.04737735786513619374e+00
  +2.02663781845602208875e+00
  +2.00630895099018635719e+00
  +1.98638262358766737314e+00
  +1.96685086539111853021e+00
  +1.94770586337733786486e+00
  +1.92893995923193450892e+00
  +1.91054564628587142394e+00
  +1.89251556651267938136e+00
  +1.87484250758512427382e+00
  +1.85751939999015758254e+00
  +1.84053931420099514682e+00
  +1.82389545790519513879e+00
  +1.80758117328762013543e+00
  +1.79158993436720193060e+00
  +1.77591534438644282901e+00
  +1.76055113325260692569e+00
  +1.74549115502958085422e+00
  +1.73072938547939991771e+00
  +1.71625991965245217052e+00
  +1.70207696952540388224e+00
  +1.68817486168589203643e+00
  +1.67454803506307103866e+00
  +1.66119103870308992832e+00
  +1.64809852958862279593e+00
  +1.63526527050157333143e+00
  +1.62268612792810329459e+00
  +1.61035607000514313647e+00
  +1.59827016450756231869e+00
  +1.58642357687520019205e+00
  +1.57481156827895962813e+00
  +1.56342949372520334528e+00
  +1.55227280019767688302e+00
  +1.54133702483622747614e+00
  +1.53061779315158541515e+00
  +1.52011081727550245724e+00
  +1.50981189424552653122e+00
  +1.49971690432375504010e+00
  +1.48982180934886709878e+00
  +1.48012265112079433038e+00
  +1.47061554981737807601e+00
  +1.46129670244237397370e+00
  +1.45216238130419417196e+00
  +1.44320893252476634139e+00
  +1.43443277457792572882e+00
  +1.42583039685674339836e+00
  +1.41739835826922688788e+00
  +1.40913328586182795554e+00
  +1.40103187347020674558e+00
  +1.39309088039670725401e+00
  +1.38530713011403072699e+00
  +1.37767750899457008806e+00
  +1.37019896506490623800e+00
  +1.36286850678497328815e+00
  +1.35568320185138779799e+00
  +1.34864017602448549304e+00
  +1.34173661197857319038e+00
  +1.33496974817495517307e+00
  +1.32833687775727127267e+00
  +1.32183534746871100829e+00
  +1.31546255659066613219e+00
  +1.30921595590240213980e+00
  +1.30309304666132708128e+00
  +1.29709137960345377572e+00
  +1.29120855396365463719e+00
  +1.28544221651531498374e+00
  +1.27979006062900602103e+00
  +1.27424982534979291948e+00
  +1.26881929449281627420e+00
  +1.26349629575678434890e+00
  +1.25827869985501461514e+00
  +1.25316441966368397054e+00
  +1.24815140938694613126e+00
  +1.24323766373857891310e+00
  +1.23842121713983810416e+00
  +1.23370014293319330001e+00
  +1.22907255261163284032e+00
  +1.22453659506322898309e+00
  +1.22009045583066555452e+00
  +1.21573235638542476167e+00
  +1.21146055341634362179e+00
  +1.20727333813226422876e+00
  +1.20316903557848831063e+00
  +1.19914600396676784833e+00
  +1.19520263401856197127e+00
  +1.19133734832130100401e+00
  +1.18754860069739520689e+00
  +1.18383487558573552434e+00
  +1.18019468743544786449e+00
  +1.17662658011164777960e+00
  +1.17312912631296195620e+00
  +1.16970092700058403423e+00
  +1.16634061083863671548e+00
  +1.16304683364561478598e+00
  +1.15981827785668967223e+00
  +1.15665365199666392293e+00
  +1.15355169016335756815e+00
  +1.15051115152122940266e+00
  +1.14753081980501936421e+00
  +1.14460950283322460130e+00
  +1.14174603203120583750e+00
  +1.13893926196374084547e+00
  +1.13618806987682741116e+00
  +1.13349135524856858837e+00
  +1.13084803934894195798e+00
  +1.12825706480829079936e+00
  +1.12571739519436042620e+00
  +1.12322801459770627019e+00
  +1.12078792722531450643e+00
  +1.11839615700226779893e+00
  +1.11605174718130206735e+00
  +1.11375375996008796342e+00
  +1.11150127610609672502e+00
  +1.10929339458889297809e+00
  +1.10712923221970371834e+00
  +1.10500792329813424253e+00
  +1.10292861926587071331e+00
  +1.10089048836724123781e+00
  +1.09889271531650245528e+00
  +1.09693450097171152358e+00
  +1.09501506201505538485e+00
  +1.09313363063951229925e+00
  +1.09128945424171464040e+00
  +1.08948179512089704524e+00
  +1.08770993018380268680e+00
  +1.08597315065543353896e+00
  +1.08427076179553094626e+00
  +1.08260208262066570661e+00
  +1.08096644563183708065e+00
  +1.07936319654745771501e+00
  +1.07779169404163366330e+00
  +1.07625130948762048888e+00
  +1.07474142670636663155e+00
  +1.07326144172002946320e+00
  +1.07181076251037121772e+00
  +1.07038880878194819779e+00
  +1.06899501172997690723e+00
  +1.06762881381280672066e+00
  +1.06628966852889406347e+00
  +1.06497704019819017240e+00
  +1.06369040374786227865e+00
  +1.06242924450225473265e+00
  +1.06119305797701346528e+00
  +1.05998134967727963840e+00
  +1.05879363489988542746e+00
  +1.05762943853946711492e+00
  +1.05648829489841067364e+00
  +1.05536974750056811168e+00
  +1.05427334890865953554e+00
  +1.05319866054528876731e+00
  +1.05214525251750834478e+00
  +1.05111270344485174810e+00
  +1.05010060029077778587e+00
  +1.04910853819744698256e+00
  +1.04813612032377245775e+00
  +1.04718295768667712942e+00
  +1.04624866900549373661e+00
  +1.04533288054944661916e+00
  +1.04443522598815241587e+00
  +1.04355534624508416996e+00
  +1.04269288935393245055e+00
  +1.04184751031781308583e+00
  +1.04101887097126621917e+00
  +1.04020663984497940824e+00
  +1.03941049203319835215e+00
  +1.03863010906375818898e+00
  +1.03786517877068851234e+00
  +1.03711539516934281302e+00
  +1.03638045833400038731e+00
  +1.03566007427788742135e+00
  +1.03495395483558261240e+00
  +1.03426181754774315635e+00
  +1.03358338554811779453e+00
  +1.03291838745279318523e+00
  +1.03226655725163918298e+00
  +1.03162763420189773633e+00
  +1.03100136272388476222e+00
  +1.03038749229875148394e+00
  +1.02978577736827148215e+00
  +1.02919597723661726540e+00
  +1.02861785597407573434e+00
  +1.02805118232267278522e+00
  +1.02749572960366486463e+00
  +1.02695127562686727707e+00
  +1.02641760260177106190e+00
  +1.02589449705042468075e+00
  +1.02538174972203899316e+00
  +1.02487915550928532227e+00
  +1.02438651336624531041e+00
  +1.02390362622799302450e+00
  +1.02343030093176245998e+00
  +1.02296634813968401190e+00
  +1.02251158226304061927e+00
  +1.02206582138803225845e+00
  +1.02162888720300837342e+00
  +1.02120060492713693456e+00
  +1.02078080324049413896e+00
  +1.02036931421552856669e+00
  +1.01996597324989024536e+00
  +1.01957061900058554293e+00
  +1.01918309331944012541e+00
  +1.01880324118983289772e+00
  +1.01843091066469115802e+00
  +1.01806595280570566509e+00
  +1.01770822162375496056e+00
  +1.01735757402050719378e+00
  +1.01701386973117746670e+00
  +1.01667697126842004884e+00
  +1.01634674386733214746e+00
  +1.01602305543154436407e+00
  +1.01570577648037962959e+00
  +1.01539478009706174433e+00
  +1.01508994187794243658e+00
  +1.01479113988274072256e+00
  +1.01449825458576547987e+00
  +1.01421116882809991822e+00
  +1.01392976777073862138e+00
  +1.01365393884864962715e+00
  +1.01338357172574511367e+00
  +1.01311855825074825788e+00
  +1.01285879241392784422e+00
  +1.01260417030469440647e+00
  +1.01235459007003503196e+00
  +1.01210995187376595617e+00
  +1.01187015785660228140e+00
  +1.01163511209701040272e+00
  +1.01140472057283536955e+00
  +1.01117889112369407911e+00
  +1.01095753341410743431e+00
  +1.01074055889736635905e+00
  +1.01052788078011013262e+00
  +1.01031941398760793938e+00
  +1.01011507512972809053e+00
  +1.00991478246758115134e+00
  +1.00971845588082098644e+00
  +1.00952601683559795021e+00
  +1.00933738835314157356e+00
  +1.00915249497896897246e+00
  +1.00897126275270121454e+00
  +1.00879361917848076047e+00
  +1.00861949319596710950e+00
  +1.00844881515191509003e+00
  +1.00828151677231248051e+00
  +1.00811753113506674673e+00
  +1.00795679264323645441e+00
  +1.00779923699879270238e+00
  +1.00764480117689614325e+00
  +1.00749342340068936963e+00
  +1.00734504311658179532e+00
  +1.00719960097002991795e+00
  +1.00705703878179275712e+00
  +1.00691729952465935938e+00
  +1.00678032730063793387e+00
  +1.00664606731859618272e+00
  +1.00651446587234105756e+00
  +1.00638547031913971885e+00
  +1.00625902905865749482e+00
  +1.00613509151231883543e+00
  +1.00601360810307483007e+00
  +1.00589453023557262590e+00
  +1.00577781027671453451e+00
  +1.00566340153660505052e+00
  +1.00555125824987512395e+00
  +1.00544133555737191799e+00
  +1.00533358948821804901e+00
  +1.00522797694222165710e+00
  +1.00512445567263375423e+00
  +1.00502298426925240626e+00
  +1.00492352214185243220e+00
  +1.00482602950395483177e+00
  +1.00473046735690685338e+00
  +1.00463679747428469291e+00
  +1.00454498238660105969e+00
  +1.00445498536631716568e+00
  +1.00436677041315092218e+00
  +1.00428030223967601486e+00
  +1.00419554625720675034e+00
  +1.00411246856196112454e+00
  +1.00403103592150055867e+00
  +1.00395121576143564468e+00
  +1.00387297615239390325e+00
  +1.00379628579725133086e+00
  +1.00372111401860930613e+00
  +1.00364743074652484900e+00
  +1.00357520650648246452e+00
  +1.00350441240760335226e+00
  +1.00343502013108731852e+00
  +1.00336700191888850142e+00
  +1.00330033056260714552e+00
  +1.00323497939260941614e+00
  +1.00317092226735526950e+00
  +1.00310813356294703524e+00
  +1.00304658816287339818e+00
  +1.00298626144796632076e+00
  +1.00292712928655269877e+00
  +1.00286916802479986188e+00
  +1.00281235447725225463e+00
  +1.00275666591756063006e+00
  +1.00270208006938910117e+00
  +1.00264857509750382469e+00
  +1.00259612959904065299e+00
  +1.00254472259494042952e+00
  +1.00249433352155947752e+00
  +1.00244494222244306947e+00
  +1.00239652894026298746e+00
  +1.00234907430891340141e+00
  +1.00230255934576395482e+00
  +1.00225696544406739363e+00
  +1.00221227436551729717e+00
  +1.00216846823294924995e+00
  +1.00212552952319300381e+00
  +1.00208344106006164154e+00
  +1.00204218600747951839e+00
  +1.00200174786275097993e+00
  +1.00196211044995542316e+00
  +1.00192325791347780495e+00
  +1.00188517471166926853e+00
  +1.00184784561062256714e+00
  +1.00181125567808670951e+00
  +1.00177539027749018530e+00
  +1.00174023506208498269e+00
  +1.00170577596920917784e+00
  +1.00167199921466054668e+00
  +1.00163889128718430754e+00
  +1.00160643894306677915e+00
  +1.00157462920083983882e+00
  +1.00154344933608574486e+00
  +1.00151288687634631991e+00
  +1.00148292959613782749e+00
  +1.00145356551205799711e+00
  +1.00142478287799208125e+00
  +1.00139657018041394743e+00
  +1.00136891613378331556e+00
  +1.00134180967602870460e+00
  +1.00131523996412252764e+00
  +1.00128919636974522689e+00
  +1.00126366847503267543e+00
  +1.00123864606840817792e+00
  +1.00121411914049995850e+00
  +1.00119007788013480997e+00
  +1.00116651267041412154e+00
  +1.00114341408486917651e+00
  +1.00112077288368617189e+00
  +1.00109858001001472694e+00
  +1.00107682658634122852e+00
  +1.00105550391094011431e+00
  +1.00103460345439221335e+00
  +1.00101411685617303071e+00
  +1.00099403592130675733e+00
  +1.00097435261709111209e+00
  +1.00095505906988213596e+00
  +1.00093614756194382309e+00
  +1.00091761052836369927e+00
  +1.00089944055402524370e+00
  +1.00088163037064115102e+00
  +1.00086417285384565723e+00
  +1.00084706102034659558e+00
  +1.00083028802513052113e+00
  +1.00081384715872379054e+00
  +1.00079773184451115142e+00
  +1.00078193563610295946e+00
  +1.00076645221475657443e+00
  +1.00075127538685104689e+00
  +1.00073639908140576971e+00
  +1.00072181734765464078e+00
  +1.00070752435266596692e+00
  +1.00069351437900699864e+00
  +1.00067978182245886920e+00
  +1.00066632118977461019e+00
  +1.00065312709648046585e+00
  +1.00064019426472250451e+00
  +1.00062751752115719484e+00
  +1.00061509179487773125e+00
  +1.00060291211539120759e+00
  +1.00059097361062643294e+00
  +1.00057927150498593427e+00
  +1.00056780111743592876e+00
  +1.00055655785963337756e+00
  +1.00054553723409034305e+00
  +1.00053473483237675978e+00
  +1.00052414633335495786e+00
  +1.00051376750145215588e+00
  +1.00050359418496515040e+00
  +1.00049362231440053250e+00
  +1.00048384790084643470e+00
  +1.00047426703437869477e+00
  +1.00046487588249211065e+00
  +1.00045567068857366166e+00
  +1.00044664777039460368e+00
  +1.00043780351863897948e+00
  +1.00042913439546143906e+00
  +1.00042063693307126115e+00
  +1.00041230773234457452e+00
  +1.00040414346146500080e+00
  +1.00039614085458938852e+00
  +1.00038829671054374515e+00
  +1.00038060789154270580e+00
  +1.00037307132193231674e+00
  +1.00036568398696146254e+00
  +1.00035844293157527574e+00
  +1.00035134525923252724e+00
  +1.00034438813074766372e+00
  +1.00033756876315660378e+00
  +1.00033088442860051970e+00
  +1.00032433245323559845e+00
  +1.00031791021616456305e+00
  +1.00031161514838751181e+00
  +1.00030544473177385179e+00
  +1.00029939649805621471e+00
  +1.00029346802784102621e+00
  +1.00028765694964372202e+00
  +1.00028196093893839702e+00
  +1.00027637771722699433e+00
  +1.00027090505112914443e+00
  +1.00026554075148932377e+00
  +1.00026028267249933457e+00
  +1.00025512871084143462e+00
  +1.00025007680484656625e+00
  +1.00024512493367012667e+00
  +1.00024027111648217137e+00
  +1.00023551341167671325e+00
  +1.00023084991609323424e+00
  +1.00022627876425729276e+00
  +1.00022179812763400975e+00
  +1.00021740621389487735e+00
  +1.00021310126620188719e+00
  +1.00020888156250631340e+00
  +1.00020474541485637765e+00
  +1.00020069116872623027e+00
  +1.00019671720235092671e+00
  +1.00019282192607872339e+00
  +1.00018900378173491994e+00
  +1.00018526124200013427e+00
  +1.00018159280979590520e+00
</dep>
<dep _net5.Vt time>
  +1.00000000004115241481e+00
  +4.92079449606735330747e+00
  +4.84315727071050883268e+00
  +4.76705737121126116307e+00
  +4.69246435636331860053e+00
  +4.61934838773894096420e+00
  +4.54768021775307129673e+00
  +4.47743117796381895346e+00
  +4.40857316760462225602e+00
  +4.34107864234347129440e+00
  +4.27492060326472689269e+00
  +4.21007258606911616283e+00
  +4.14650865048758010545e+00
  +4.08420336990473309413e+00
  +4.02313182118780687802e+00
  +3.96326957471699214963e+00
  +3.90459268461317821064e+00
  +3.84707767915922316249e+00
  +3.79070155141087195005e+00
  +3.73544174999360967249e+00
  +3.68127617008173579904e+00
  +3.62818314455607593416e+00
  +3.57614143533677752984e+00
  +3.52513022488773364316e+00
  +3.47512910788922013694e+00
  +3.42611808307544363217e+00
  +3.37807754523369618838e+00
  +3.33098827736195834959e+00
  +3.28483144298177576204e+00
  +3.23958857860336912893e+00
  +3.19524158633992927392e+00
  +3.15177272666816365998e+00
  +3.10916461133220334290e+00
  +3.06740019638800776036e+00
  +3.02646277538551711217e+00
  +2.98633597268579320527e+00
  +2.94700373691049710700e+00
  +2.90845033452107060157e+00
  +2.87066034352506971317e+00
  +2.83361864730711099369e+00
  +2.79731042858198319934e+00
  +2.76172116346748142135e+00
  +2.72683661567462110042e+00
  +2.69264283081289246269e+00
  +2.65912613080826920609e+00
  +2.62627310843176253741e+00
  +2.59407062193629922575e+00
  +2.56250578979982090999e+00
  +2.53156598557245526848e+00
  +2.50123883282572867515e+00
  +2.47151220020179573922e+00
  +2.44237419656069798535e+00
  +2.41381316622370922786e+00
  +2.38581768431087848370e+00
  +2.35837655217088659754e+00
  +2.33147879290140114250e+00
  +2.30511364695814258141e+00
  +2.27927056785088311130e+00
  +2.25393921792467910592e+00
  +2.22910946422464517624e+00
  +2.20477137444260096188e+00
  +2.18091521294398349440e+00
  +2.15753143687344017820e+00
  +2.13461069233752720464e+00
  +2.11214381066299683454e+00
  +2.09012180472918318586e+00
  +2.06853586537300060400e+00
  +2.04737735786513619374e+00
  +2.02663781845602208875e+00
  +2.00630895099018635719e+00
  +1.98638262358766737314e+00
  +1.96685086539111853021e+00
  +1.94770586337733786486e+00
  +1.92893995923193450892e+00
  +1.91054564628587142394e+00
  +1.89251556651267938136e+00
  +1.87484250758512427382e+00
  +1.85751939999015758254e+00
  +1.84053931420099514682e+00
  +1.82389545790519513879e+00
  +1.80758117328762013543e+00
  +1.79158993436720193060e+00
  +1.77591534438644282901e+00
  +1.76055113325260692569e+00
  +1.74549115502958085422e+00
  +1.73072938547939991771e+00
  +1.71625991965245217052e+00
  +1.70207696952540388224e+00
  +1.68817486168589203643e+00
  +1.67454803506307103866e+00
  +1.66119103870308992832e+00
  +1.64809852958862279593e+00
  +1.63526527050157333143e+00
  +1.62268612792810329459e+00
  +1.61035607000514313647e+00
  +1.59827016450756231869e+00
  +1.58642357687520019205e+00
  +1.57481156827895962813e+00
  +1.56342949372520334528e+00
  +1.55227280019767688302e+00
  +1.54133702483622747614e+00
  +1.53061779315158541515e+00
  +1.52011081727550245724e+00
  +1.50981189424552653122e+00
  +1.49971690432375504010e+00
  +1.48982180934886709878e+00
  +1.48012265112079433038e+00
  +1.47061554981737807601e+00
  +1.46129670244237397370e+00
  +1.45216238130419417196e+00
  +1.44320893252476634139e+00
  +1.43443277457792572882e+00
  +1.42583039685674339836e+00
  +1.41739835826922688788e+00
  +1.40913328586182795554e+00
  +1.40103187347020674558e+00
  +1.39309088039670725401e+00
  +1.38530713011403072699e+00
  +1.37767750899457008806e+00
  +1.37019896506490623800e+00
  +1.36286850678497328815e+00
  +1.35568320185138779799e+00
  +1.34864017602448549304e+00
  +1.34173661197857319038e+00
  +1.33496974817495517307e+00
  +1.32833687775727127267e+00
  +1.32183534746871100829e+00
  +1.31546255659066613219e+00
  +1.30921595590240213980e+00
  +1.30309304666132708128e+00
  +1.29709137960345377572e+00
  +1.29120855396365463719e+00
  +1.28544221651531498374e+00
  +1.27979006062900602103e+00
  +1.27424982534979291948e+00
  +1.26881929449281627420e+00
  +1.26349629575678434890e+00
  +1.25827869985501461514e+00
  +1.25316441966368397054e+00
  +1.24815140938694613126e+00
  +1.24323766373857891310e+00
  +1.23842121713983810416e+00
  +1.23370014293319330001e+00
  +1.22907255261163284032e+00
  +1.22453659506322898309e+00
  +1.22009045583066555452e+00
  +1.21573235638542476167e+00
  +1.21146055341634362179e+00
  +1.20727333813226422876e+00
  +1.20316903557848831063e+00
  +1.19914600396676784833e+00
  +1.19520263401856197127e+00
  +1.19133734832130100401e+00
  +1.18754860069739520689e+00
  +1.18383487558573552434e+00
  +1.18019468743544786449e+00
  +1.17662658011164777960e+00
  +1.17312912631296195620e+00
  +1.16970092700058403423e+00
  +1.16634061083863671548e+00
  +1.16304683364561478598e+00
  +1.15981827785668967223e+00
  +1.15665365199666392293e+00
  +1.15355169016335756815e+00
  +1.15051115152122940266e+00
  +1.14753081980501936421e+00
  +1.14460950283322460130e+00
  +1.14174603203120583750e+00
  +1.13893926196374084547e+00
  +1.13618806987682741116e+00
  +1.13349135524856858837e+00
  +1.13084803934894195798e+00
  +1.12825706480829079936e+00
  +1.12571739519436042620e+00
  +1.12322801459770627019e+00
  +1.12078792722531450643e+00
  +1.11839615700226779893e+00
  +1.11605174718130206735e+00
  +1.11375375996008796342e+00
  +1.11150127610609672502e+00
  +1.10929339458889297809e+00
  +1.10712923221970371834e+00
  +1.10500792329813424253e+00
  +1.10292861926587071331e+00
  +1.10089048836724123781e+00
  +1.09889271531650245528e+00
  +1.09693450097171152358e+00
  +1.09501506201505538485e+00
  +1.09313363063951229925e+00
  +1.09128945424171464040e+00
  +1.08948179512089704524e+00
  +1.08770993018380268680e+00
  +1.08597315065543353896e+00
  +1.08427076179553094626e+00
  +1.08260208262066570661e+00
  +1.08096644563183708065e+00
  +1.07936319654745771501e+00
  +1.07779169404163366330e+00
  +1.07625130948762048888e+00
  +1.07474142670636663155e+00
  +1.07326144172002946320e+00
  +1.07181076251037121772e+00
  +1.07038880878194819779e+00
  +1.06899501172997690723e+00
  +1.06762881381280672066e+00
  +1.06628966852889406347e+00
  +1.06497704019819017240e+00
  +1.06369040374786227865e+00
  +1.06242924450225473265e+00
  +1.06119305797701346528e+00
  +1.05998134967727963840e+00
  +1.05879363489988542746e+00
  +1.05762943853946711492e+00
  +1.05648829489841067364e+00
  +1.05536974750056811168e+00
  +1.05427334890865953554e+00
  +1.05319866054528876731e+00
  +1.05214525251750834478e+00
  +1.05111270344485174810e+00
  +1.05010060029077778587e+00
  +1.04910853819744698256e+00
  +1.04813612032377245775e+00
  +1.04718295768667712942e+00
  +1.04624866900549373661e+00
  +1.04533288054944661916e+00
  +1.04443522598815241587e+00
  +1.04355534624508416996e+00
  +1.04269288935393245055e+00
  +1.04184751031781308583e+00
  +1.04101887097126621917e+00
  +1.04020663984497940824e+00
  +1.03941049203319835215e+00
  +1.03863010906375818898e+00
  +1.03786517877068851234e+00
  +1.03711539516934281302e+00
  +1.03638045833400038731e+00
  +1.03566007427788742135e+00
  +1.03495395483558261240e+00
  +1.03426181754774315635e+00
  +1.03358338554811779453e+00
  +1.03291838745279318523e+00
  +1.03226655725163918298e+00
  +1.03162763420189773633e+00
  +1.03100136272388476222e+00
  +1.03038749229875148394e+00
  +1.02978577736827148215e+00
  +1.02919597723661726540e+00
  +1.02861785597407573434e+00
  +1.02805118232267278522e+00
  +1.02749572960366486463e+00
  +1.02695127562686727707e+00
  +1.02641760260177106190e+00
  +1.02589449705042468075e+00
  +1.02538174972203899316e+00
  +1.02487915550928532227e+00
  +1.02438651336624531041e+00
  +1.02390362622799302450e+00
  +1.02343030093176245998e+00
  +1.02296634813968401190e+00
  +1.02251158226304061927e+00
  +1.02206582138803225845e+00
  +1.02162888720300837342e+00
  +1.02120060492713693456e+00
  +1.02078080324049413896e+00
  +1.02036931421552856669e+00
  +1.01996597324989024536e+00
  +1.01957061900058554293e+00
  +1.01918309331944012541e+00
  +1.01880324118983289772e+00
  +1.01843091066469115802e+00
  +1.01806595280570566509e+00
  +1.01770822162375496056e+00
  +1.01735757402050719378e+00
  +1.01701386973117746670e+00
  +1.01667697126842004884e+00
  +1.01634674386733214746e+00
  +1.01602305543154436407e+00
  +1.01570577648037962959e+00
  +1.01539478009706174433e+00
  +1.01508994187794243658e+00
  +1.01479113988274072256e+00
  +1.01449825458576547987e+00
  +1.01421116882809991822e+00
  +1.01392976777073862138e+00
  +1.01365393884864962715e+00
  +1.01338357172574511367e+00
  +1.01311855825074825788e+00
  +1.01285879241392784422e+00
  +1.01260417030469440647e+00
  +1.01235459007003503196e+00
  +1.01210995187376595617e+00
  +1.01187015785660228140e+00
  +1.01163511209701040272e+00
  +1.01140472057283536955e+00
  +1.01117889112369407911e+00
  +1.01095753341410743431e+00
  +1.01074055889736635905e+00
  +1.01052788078011013262e+00
  +1.01031941398760793938e+00
  +1.01011507512972809053e+00
  +1.00991478246758115134e+00
  +1.00971845588082098644e+00
  +1.00952601683559795021e+00
  +1.00933738835314157356e+00
  +1.00915249497896897246e+00
  +1.00897126275270121454e+00
  +1.00879361917848076047e+00
  +1.00861949319596710950e+00
  +1.00844881515191509003e+00
  +1.00828151677231248051e+00
  +1.00811753113506674673e+00
  +1.00795679264323645441e+00
  +1.00779923699879270238e+00
  +1.00764480117689614325e+00
  +1.00749342340068936963e+00
  +1.00734504311658179532e+00
  +1.00719960097002991795e+00
  +1.00705703878179275712e+00
  +1.00691729952465935938e+00
  +1.00678032730063793387e+00
  +1.00664606731859618272e+00
  +1.00651446587234105756e+00
  +1.00638547031913971885e+00
  +1.00625902905865749482e+00
  +1.00613509151231883543e+00
  +1.00601360810307483007e+00
  +1.00589453023557262590e+00
  +1.00577781027671453451e+00
  +1.00566340153660505052e+00
  +1.00555125824987512395e+00
  +1.00544133555737191799e+00
  +1.00533358948821804901e+00
  +1.00522797694222165710e+00
  +1.00512445567263375423e+00
  +1.00502298426925240626e+00
  +1.00492352214185243220e+00
  +1.00482602950395483177e+00
  +1.00473046735690685338e+00
  +1.00463679747428469291e+00
  +1.00454498238660105969e+00
  +1.00445498536631716568e+00
  +1.00436677041315092218e+00
  +1.00428030223967601486e+00
  +1.00419554625720675034e+00
  +1.00411246856196112454e+00
  +1.00403103592150055867e+00
  +1.00395121576143564468e+00
  +1.00387297615239390325e+00
  +1.00379628579725133086e+00
  +1.00372111401860930613e+00
  +1.00364743074652484900e+00
  +1.00357520650648246452e+00
  +1.00350441240760335226e+00
  +1.00343502013108731852e+00
  +1.00336700191888850142e+00
  +1.00330033056260714552e+00
  +1.00323497939260941614e+00
  +1.00317092226735526950e+00
  +1.00310813356294703524e+00
  +1.00304658816287339818e+00
  +1.00298626144796632076e+00
  +1.00292712928655269877e+00
  +1.00286916802479986188e+00
  +1.00281235447725225463e+00
  +1.00275666591756063006e+00
  +1.00270208006938910117e+00
  +1.00264857509750382469e+00
  +1.00259612959904065299e+00
  +1.00254472259494042952e+00
  +1.00249433352155947752e+00
  +1.00244494222244306947e+00
  +1.00239652894026298746e+00
  +1.00234907430891340141e+00
  +1.00230255934576395482e+00
  +1.00225696544406739363e+00
  +1.00221227436551729717e+00
  +1.00216846823294924995e+00
  +1.00212552952319300381e+00
  +1.00208344106006164154e+00
  +1.00204218600747951839e+00
  +1.00200174786275097993e+00
  +1.00196211044995542316e+00
  +1.00192325791347780495e+00
  +1.00188517471166926853e+00
  +1.00184784561062256714e+00
  +1.00181125567808670951e+00
  +1.00177539027749018530e+00
  +1.00174023506208498269e+00
  +1.00170577596920917784e+00
  +1.00167199921466054668e+00
  +1.00163889128718430754e+00
  +1.00160643894306677915e+00
  +1.00157462920083983882e+00
  +1.00154344933608574486e+00
  +1.00151288687634631991e+00
  +1.00148292959613782749e+00
  +1.00145356551205799711e+00
  +1.00142478287799208125e+00
  +1.00139657018041394743e+00
  +1.00136891613378331556e+00
  +1.00134180967602870460e+00
  +1.00131523996412252764e+00
  +1.00128919636974522689e+00
  +1.00126366847503267543e+00
  +1.00123864606840817792e+00
  +1.00121411914049995850e+00
  +1.00119007788013480997e+00
  +1.00116651267041412154e+00
  +1.00114341408486917651e+00
  +1.00112077288368617189e+00
  +1.00109858001001472694e+00
  +1.00107682658634122852e+00
  +1.00105550391094011431e+00
  +1.00103460345439221335e+00
  +1.00101411685617303071e+00
  +1.00099403592130675733e+00
  +1.00097435261709111209e+00
  +1.00095505906988213596e+00
  +1.00093614756194382309e+00
  +1.00091761052836369927e+00
  +1.00089944055402524370e+00
  +1.00088163037064115102e+00
  +1.00086417285384565723e+00
  +1.00084706102034659558e+00
  +1.00083028802513052113e+00
  +1.00081384715872379054e+00
  +1.00079773184451115142e+00
  +1.00078193563610295946e+00
  +1.00076645221475657443e+00
  +1.00075127538685104689e+00
  +1.00073639908140576971e+00
  +1.00072181734765464078e+00
  +1.00070752435266596692e+00
  +1.00069351437900699864e+00
  +1.00067978182245886920e+00
  +1.00066632118977461019e+00
  +1.00065312709648046585e+00
  +1.00064019426472250451e+00
  +1.00062751752115719484e+00
  +1.00061509179487773125e+00
  +1.00060291211539120759e+00
  +1.00059097361062643294e+00
  +1.00057927150498593427e+00
  +1.00056780111743592876e+00
  +1.00055655785963337756e+00
  +1.00054553723409034305e+00
  +1.00053473483237675978e+00
  +1.00052414633335495786e+00
  +1.00051376750145215588e+00
  +1.00050359418496515040e+00
  +1.00049362231440053250e+00
  +1.00048384790084643470e+00
  +1.00047426703437869477e+00
  +1.00046487588249211065e+00
  +1.00045567068857366166e+00
  +1.00044664777039460368e+00
  +1.00043780351863897948e+00
  +1.00042913439546143906e+00
  +1.00042063693307126115e+00
  +1.00041230773234457452e+00
  +1.00040414346146500080e+00
  +1.00039614085458938852e+00
  +1.00038829671054374515e+00
  +1.00038060789154270580e+00
  +1.00037307132193231674e+00
  +1.00036568398696146254e+00
  +1.00035844293157527574e+00
  +1.00035134525923252724e+00
  +1.00034438813074766372e+00
  +1.00033756876315660378e+00
  +1.00033088442860051970e+00
  +1.00032433245323559845e+00
  +1.00031791021616456305e+00
  +1.00031161514838751181e+00
  +1.00030544473177385179e+00
  +1.00029939649805621471e+00
  +1.00029346802784102621e+00
  +1.00028765694964372202e+00
  +1.00028196093893839702e+00
  +1.00027637771722699433e+00
  +1.00027090505112914443e+00
  +1.00026554075148932377e+00
  +1.00026028267249933457e+00
  +1.00025512871084143462e+00
  +1.00025007680484656625e+00
  +1.00024512493367012667e+00
  +1.00024027111648217137e+00
  +1.00023551341167671325e+00
  +1.00023084991609323424e+00
  +1.00022627876425729276e+00
  +1.00022179812763400975e+00
  +1.00021740621389487735e+00
  +1.00021310126620188719e+00
  +1.00020888156250631340e+00
  +1.00020474541485637765e+00
  +1.00020069116872623027e+00
  +1.00019671720235092671e+00
  +1.00019282192607872339e+00
  +1.00018900378173491994e+00
  +1.00018526124200013427e+00
  +1.00018159280979590520e+00
</dep>
<dep _net4.Vt time>
  +5.00000000000000088818e+00
  +4.92079449606735330747e+00
  +4.84315727071050883268e+00
  +4.76705737121126116307e+00
  +4.69246435636331860053e+00
  +4.61934838773894096420e+00
  +4.54768021775307129673e+00
  +4.47743117796381895346e+00
  +4.40857316760462225602e+00
  +4.34107864234347129440e+00
  +4.27492060326472689269e+00
  +4.21007258606911616283e+00
  +4.14650865048758010545e+00
  +4.08420336990473309413e+00
  +4.02313182118780687802e+00
  +3.96326957471699214963e+00
  +3.90459268461317821064e+00
  +3.84707767915922316249e+00
  +3.79070155141087195005e+00
  +3.73544174999360967249e+00
  +3.68127617008173579904e+00
  +3.62818314455607593416e+00
  +3.57614143533677752984e+00
  +3.52513022488773364316e+00
  +3.47512910788922013694e+00
  +3.42611808307544363217e+00
  +3.37807754523369618838e+00
  +3.33098827736195834959e+00
  +3.28483144298177576204e+00
  +3.23958857860336912893e+00
  +3.19524158633992927392e+00
  +3.15177272666816365998e+00
  +3.10916461133220334290e+00
  +3.06740019638800776036e+00
  +3.02646277538551711217e+00
  +2.98633597268579320527e+00
  +2.94700373691049710700e+00
  +2.90845033452107060157e+00
  +2.87066034352506971317e+00
  +2.83361864730711099369e+00
  +2.79731042858198319934e+00
  +2.76172116346748142135e+00
  +2.72683661567462110042e+00
  +2.69264283081289246269e+00
  +2.65912613080826920609e+00
  +2.62627310843176253741e+00
  +2.59407062193629922575e+00
  +2.56250578979982090999e+00
  +2.53156598557245526848e+00
  +2.50123883282572867515e+00
  +2.47151220020179573922e+00
  +2.44237419656069798535e+00
  +2.41381316622370922786e+00
  +2.38581768431087848370e+00
  +2.35837655217088659754e+00
  +2.33147879290140114250e+00
  +2.30511364695814258141e+00
  +2.27927056785088311130e+00
  +2.25393921792467910592e+00
  +2.22910946422464517624e+00
  +2.20477137444260096188e+00
  +2.18091521294398349440e+00
  +2.15753143687344017820e+00
  +2.13461069233752720464e+00
  +2.11214381066299683454e+00
  +2.09012180472918318586e+00
  +2.06853586537300060400e+00
  +2.04737735786513619374e+00
  +2.02663781845602208875e+00
  +2.00630895099018635719e+00
  +1.98638262358766737314e+00
  +1.96685086539111853021e+00
  +1.94770586337733786486e+00
  +1.92893995923193450892e+00
  +1.91054564628587142394e+00
  +1.89251556651267938136e+00
  +1.87484250758512427382e+00
  +1.85751939999015758254e+00
  +1.84053931420099514682e+00
  +1.82389545790519513879e+00
  +1.80758117328762013543e+00
  +1.79158993436720193060e+00
  +1.77591534438644282901e+00
  +1.76055113325260692569e+00
  +1.74549115502958085422e+00
  +1.73072938547939991771e+00
  +1.71625991965245217052e+00
  +1.70207696952540388224e+00
  +1.68817486168589203643e+00
  +1.67454803506307103866e+00
  +1.66119103870308992832e+00
  +1.64809852958862279593e+00
  +1.63526527050157333143e+00
  +1.62268612792810329459e+00
  +1.61035607000514313647e+00
  +1.59827016450756231869e+00
  +1.58642357687520019205e+00
  +1.57481156827895962813e+00
  +1.56342949372520334528e+00
  +1.55227280019767688302e+00
  +1.54133702483622747614e+00
  +1.53061779315158541515e+00
  +1.52011081727550245724e+00
  +1.50981189424552653122e+00
  +1.49971690432375504010e+00
  +1.48982180934886709878e+00
  +1.48012265112079433038e+00
  +1.47061554981737807601e+00
  +1.46129670244237397370e+00
  +1.45216238130419417196e+00
  +1.44320893252476634139e+00
  +1.43443277457792572882e+00
  +1.42583039685674339836e+00
  +1.41739835826922688788e+00
  +1.40913328586182795554e+00
  +1.40103187347020674558e+00
  +1.39309088039670725401e+00
  +1.38530713011403072699e+00
  +1.37767750899457008806e+00
  +1.37019896506490623800e+00
  +1.36286850678497328815e+00
  +1.35568320185138779799e+00
  +1.34864017602448549304e+00
  +1.34173661197857319038e+00
  +1.33496974817495517307e+00
  +1.32833687775727127267e+00
  +1.32183534746871100829e+00
  +1.31546255659066613219e+00
  +1.30921595590240213980e+00
  +1.30309304666132708128e+00
  +1.29709137960345377572e+00
  +1.29120855396365463719e+00
  +1.28544221651531498374e+00
  +1.27979006062900602103e+00
  +1.27424982534979291948e+00
  +1.26881929449281627420e+00
  +1.26349629575678434890e+00
  +1.25827869985501461514e+00
  +1.25316441966368397054e+00
  +1.24815140938694613126e+00
  +1.24323766373857891310e+00
  +1.23842121713983810416e+00
  +1.23370014293319330001e+00
  +1.22907255261163284032e+00
  +1.22453659506322898309e+00
  +1.22009045583066555452e+00
  +1.21573235638542476167e+00
  +1.21146055341634362179e+00
  +1.20727333813226422876e+00
  +1.20316903557848831063e+00
  +1.19914600396676784833e+00
  +1.19520263401856197127e+00
  +1.19133734832130100401e+00
  +1.18754860069739520689e+00
  +1.18383487558573552434e+00
  +1.18019468743544786449e+00
  +1.17662658011164777960e+00
  +1.17312912631296195620e+00
  +1.16970092700058403423e+00
  +1.16634061083863671548e+00
  +1.16304683364561478598e+00
  +1.15981827785668967223e+00
  +1.15665365199666392293e+00
  +1.15355169016335756815e+00
  +1.15051115152122940266e+00
  +1.14753081980501936421e+00
  +1.14460950283322460130e+00
  +1.14174603203120583750e+00
  +1.13893926196374084547e+00
  +1.13618806987682741116e+00
  +1.13349135524856858837e+00
  +1.13084803934894195798e+00
  +1.12825706480829079936e+00
  +1.12571739519436042620e+00
  +1.12322801459770627019e+00
  +1.12078792722531450643e+00
  +1.11839615700226779893e+00
  +1.11605174718130206735e+00
  +1.11375375996008796342e+00
  +1.11150127610609672502e+00
  +1.10929339458889297809e+00
  +1.10712923221970371834e+00
  +1.10500792329813424253e+00
  +1.10292861926587071331e+00
  +1.10089048836724123781e+00
  +1.09889271531650245528e+00
  +1.09693450097171152358e+00
  +1.09501506201505538485e+00
  +1.09313363063951229925e+00
  +1.09128945424171464040e+00
  +1.08948179512089704524e+00
  +1.08770993018380268680e+00
  +1.08597315065543353896e+00
  +1.08427076179553094626e+00
  +1.08260208262066570661e+00
  +1.08096644563183708065e+00
  +1.07936319654745771501e+00
  +1.07779169404163366330e+00
  +1.07625130948762048888e+00
  +1.07474142670636663155e+00
  +1.07326144172002946320e+00
  +1.07181076251037121772e+00
  +1.07038880878194819779e+00
  +1.06899501172997690723e+00
  +1.06762881381280672066e+00
  +1.06628966852889406347e+00
  +1.06497704019819017240e+00
  +1.06369040374786227865e+00
  +1.06242924450225473265e+00
  +1.06119305797701346528e+00
  +1.05998134967727963840e+00
  +1.05879363489988542746e+00
  +1.05762943853946711492e+00
  +1.05648829489841067364e+00
  +1.05536974750056811168e+00
  +1.05427334890865953554e+00
  +1.05319866054528876731e+00
  +1.05214525251750834478e+00
  +1.05111270344485174810e+00
  +1.05010060029077778587e+00
  +1.04910853819744698256e+00
  +1.04813612032377245775e+00
  +1.04718295768667712942e+00
  +1.04624866900549373661e+00
  +1.04533288054944661916e+00
  +1.04443522598815241587e+00
  +1.04355534624508416996e+00
  +1.04269288935393245055e+00
  +1.04184751031781308583e+00
  +1.04101887097126621917e+00
  +1.04020663984497940824e+00
  +1.03941049203319835215e+00
  +1.03863010906375818898e+00
  +1.03786517877068851234e+00
  +1.03711539516934281302e+00
  +1.03638045833400038731e+00
  +1.03566007427788742135e+00
  +1.03495395483558261240e+00
  +1.03426181754774315635e+00
  +1.03358338554811779453e+00
  +1.03291838745279318523e+00
  +1.03226655725163918298e+00
  +1.03162763420189773633e+00
  +1.03100136272388476222e+00
  +1.03038749229875148394e+00
  +1.02978577736827148215e+00
  +1.02919597723661726540e+00
  +1.02861785597407573434e+00
  +1.02805118232267278522e+00
  +1.02749572960366486463e+00
  +1.02695127562686727707e+00
  +1.02641760260177106190e+00
  +1.02589449705042468075e+00
  +1.02538174972203899316e+00
  +1.02487915550928532227e+00
  +1.02438651336624531041e+00
  +1.02390362622799302450e+00
  +1.02343030093176245998e+00
  +1.02296634813968401190e+00
  +1.02251158226304061927e+00
  +1.02206582138803225845e+00
  +1.02162888720300837342e+00
  +1.02120060492713693456e+00
  +1.02078080324049413896e+00
  +1.02036931421552856669e+00
  +1.01996597324989024536e+00
  +1.01957061900058554293e+00
  +1.01918309331944012541e+00
  +1.01880324118983289772e+00
  +1.01843091066469115802e+00
  +1.01806595280570566509e+00
  +1.01770822162375496056e+00
  +1.01735757402050719378e+00
  +1.01701386973117746670e+00
  +1.01667697126842004884e+00
  +1.01634674386733214746e+00
  +1.01602305543154436407e+00
  +1.01570577648037962959e+00
  +1.01539478009706174433e+00
  +1.01508994187794243658e+00
  +1.01479113988274072256e+00
  +1.01449825458576547987e+00
  +1.01421116882809991822e+00
  +1.01392976777073862138e+00
  +1.01365393884864962715e+00
  +1.01338357172574511367e+00
  +1.01311855825074825788e+00
  +1.01285879241392784422e+00
  +1.01260417030469440647e+00
  +1.01235459007003503196e+00
  +1.01210995187376595617e+00
  +1.01187015785660228140e+00
  +1.01163511209701040272e+00
  +1.01140472057283536955e+00
  +1.01117889112369407911e+00
  +1.01095753341410743431e+00
  +1.01074055889736635905e+00
  +1.01052788078011013262e+00
  +1.01031941398760793938e+00
  +1.01011507512972809053e+00
  +1.00991478246758115134e+00
  +1.00971845588082098644e+00
  +1.00952601683559795021e+00
  +1.00933738835314157356e+00
  +1.00915249497896897246e+00
  +1.00897126275270121454e+00
  +1.00879361917848076047e+00
  +1.00861949319596710950e+00
  +1.00844881515191509003e+00
  +1.00828151677231248051e+00
  +1.00811753113506674673e+00
  +1.00795679264323645441e+00
  +1.00779923699879270238e+00
  +1.00764480117689614325e+00
  +1.00749342340068936963e+00
  +1.00734504311658179532e+00
  +1.00719960097002991795e+00
  +1.00705703878179275712e+00
  +1.00691729952465935938e+00
  +1.00678032730063793387e+00
  +1.00664606731859618272e+00
  +1.00651446587234105756e+00
  +1.00638547031913971885e+00
  +1.00625902905865749482e+00
  +1.00613509151231883543e+00
  +1.00601360810307483007e+00
  +1.00589453023557262590e+00
  +1.00577781027671453451e+00
  +1.00566340153660505052e+00
  +1.00555125824987512395e+00
  +1.00544133555737191799e+00
  +1.00533358948821804901e+00
  +1.00522797694222165710e+00
  +1.00512445567263375423e+00
  +1.00502298426925240626e+00
  +1.00492352214185243220e+00
  +1.00482602950395483177e+00
  +1.00473046735690685338e+00
  +1.00463679747428469291e+00
  +1.00454498238660105969e+00
  +1.00445498536631716568e+00
  +1.00436677041315092218e+00
  +1.00428030223967601486e+00
  +1.00419554625720675034e+00
  +1.00411246856196112454e+00
  +1.00403103592150055867e+00
  +1.00395121576143564468e+00
  +1.00387297615239390325e+00
  +1.00379628579725133086e+00
  +1.00372111401860930613e+00
  +1.00364743074652484900e+00
  +1.00357520650648246452e+00
  +1.00350441240760335226e+00
  +1.00343502013108731852e+00
  +1.00336700191888850142e+00
  +1.00330033056260714552e+00
  +1.00323497939260941614e+00
  +1.00317092226735526950e+00
  +1.00310813356294703524e+00
  +1.00304658816287339818e+00
  +1.00298626144796632076e+00
  +1.00292712928655269877e+00
  +1.00286916802479986188e+00
  +1.00281235447725225463e+00
  +1.00275666591756063006e+00
  +1.00270208006938910117e+00
  +1.00264857509750382469e+00
  +1.00259612959904065299e+00
  +1.00254472259494042952e+00
  +1.00249433352155947752e+00
  +1.00244494222244306947e+00
  +1.00239652894026298746e+00
  +1.00234907430891340141e+00
  +1.00230255934576395482e+00
  +1.00225696544406739363e+00
  +1.00221227436551729717e+00
  +1.00216846823294924995e+00
  +1.00212552952319300381e+00
  +1.00208344106006164154e+00
  +1.00204218600747951839e+00
  +1.00200174786275097993e+00
  +1.00196211044995542316e+00
  +1.00192325791347780495e+00
  +1.00188517471166926853e+00
  +1.00184784561062256714e+00
  +1.00181125567808670951e+00
  +1.00177539027749018530e+00
  +1.00174023506208498269e+00
  +1.00170577596920917784e+00
  +1.00167199921466054668e+00
  +1.00163889128718430754e+00
  +1.00160643894306677915e+00
  +1.00157462920083983882e+00
  +1.00154344933608574486e+00
  +1.00151288687634631991e+00
  +1.00148292959613782749e+00
  +1.00145356551205799711e+00
  +1.00142478287799208125e+00
  +1.00139657018041394743e+00
  +1.00136891613378331556e+00
  +1.00134180967602870460e+00
  +1.00131523996412252764e+00
  +1.00128919636974522689e+00
  +1.00126366847503267543e+00
  +1.00123864606840817792e+00
  +1.00121411914049995850e+00
  +1.00119007788013480997e+00
  +1.00116651267041412154e+00
  +1.00114341408486917651e+00
  +1.00112077288368617189e+00
  +1.00109858001001472694e+00
  +1.00107682658634122852e+00
  +1.00105550391094011431e+00
  +1.00103460345439221335e+00
  +1.00101411685617303071e+00
  +1.00099403592130675733e+00
  +1.00097435261709111209e+00
  +1.00095505906988213596e+00
  +1.00093614756194382309e+00
  +1.00091761052836369927e+00
  +1.00089944055402524370e+00
  +1.00088163037064115102e+00
  +1.00086417285384565723e+00
  +1.00084706102034659558e+00
  +1.00083028802513052113e+00
  +1.00081384715872379054e+00
  +1.00079773184451115142e+00
  +1.00078193563610295946e+00
  +1.00076645221475657443e+00
  +1.00075127538685104689e+00
  +1.00073639908140576971e+00
  +1.00072181734765464078e+00
  +1.00070752435266596692e+00
  +1.00069351437900699864e+00
  +1.00067978182245886920e+00
  +1.00066632118977461019e+00
  +1.00065312709648046585e+00
  +1.00064019426472250451e+00
  +1.00062751752115719484e+00
  +1.00061509179487773125e+00
  +1.00060291211539120759e+00
  +1.00059097361062643294e+00
  +1.00057927150498593427e+00
  +1.00056780111743592876e+00
  +1.00055655785963337756e+00
  +1.00054553723409034305e+00
  +1.00053473483237675978e+00
  +1.00052414633335495786e+00
  +1.00051376750145215588e+00
  +1.00050359418496515040e+00
  +1.00049362231440053250e+00
  +1.00048384790084643470e+00
  +1.00047426703437869477e+00
  +1.00046487588249211065e+00
  +1.00045567068857366166e+00
  +1.00044664777039460368e+00
  +1.00043780351863897948e+00
  +1.00042913439546143906e+00
  +1.00042063693307126115e+00
  +1.00041230773234457452e+00
  +1.00040414346146500080e+00
  +1.00039614085458938852e+00
  +1.00038829671054374515e+00
  +1.00038060789154270580e+00
  +1.00037307132193231674e+00
  +1.00036568398696146254e+00
  +1.00035844293157527574e+00
  +1.00035134525923252724e+00
  +1.00034438813074766372e+00
  +1.00033756876315660378e+00
  +1.00033088442860051970e+00
  +1.00032433245323559845e+00
  +1.00031791021616456305e+00
  +1.00031161514838751181e+00
  +1.00030544473177385179e+00
  +1.00029939649805621471e+00
  +1.00029346802784102621e+00
  +1.00028765694964372202e+00
  +1.00028196093893839702e+00
  +1.00027637771722699433e+00
  +1.00027090505112914443e+00
  +1.00026554075148932377e+00
  +1.00026028267249933457e+00
  +1.00025512871084143462e+00
  +1.00025007680484656625e+00
  +1.00024512493367012667e+00
  +1.00024027111648217137e+00
  +1.00023551341167671325e+00
  +1.00023084991609323424e+00
  +1.00022627876425729276e+00
  +1.00022179812763400975e+00
  +1.00021740621389487735e+00
  +1.00021310126620188719e+00
  +1.00020888156250631340e+00
  +1.00020474541485637765e+00
  +1.00020069116872623027e+00
  +1.00019671720235092671e+00
  +1.00019282192607872339e+00
  +1.00018900378173491994e+00
  +1.00018526124200013427e+00
  +1.00018159280979590520e+00
</dep>
<indep Ic.I 1>
  +1.00000000000000005551e-01
</indep>
<indep Vc.V 1>
  +1.00000000000000000000e+00
</indep>
<indep _net5.V 1>
  +1.00000000000000000000e+00
</indep>
<indep _net4.V 1>
  +1.00000000000000000000e+00
</indep>
