<Qucs Dataset 0.0.20>
<indep time 201>
  +0.00000000000000000000e+00
  +2.50000000000000011980e-05
  +5.00000000000000023961e-05
  +7.50000000000000069823e-05
  +1.00000000000000004792e-04
  +1.25000000000000002602e-04
  +1.50000000000000013965e-04
  +1.74999999999999998222e-04
  +2.00000000000000009584e-04
  +2.25000000000000020947e-04
  +2.50000000000000005204e-04
  +2.75000000000000016567e-04
  +3.00000000000000027929e-04
  +3.25000000000000039291e-04
  +3.49999999999999996444e-04
  +3.75000000000000007806e-04
  +4.00000000000000019169e-04
  +4.25000000000000030531e-04
  +4.50000000000000041894e-04
  +4.74999999999999999046e-04
  +5.00000000000000010408e-04
  +5.25000000000000075981e-04
  +5.50000000000000033133e-04
  +5.74999999999999990286e-04
  +6.00000000000000055858e-04
  +6.25000000000000013010e-04
  +6.50000000000000078583e-04
  +6.75000000000000035735e-04
  +6.99999999999999992888e-04
  +7.25000000000000058460e-04
  +7.50000000000000015613e-04
  +7.75000000000000081185e-04
  +8.00000000000000038337e-04
  +8.24999999999999995490e-04
  +8.50000000000000061062e-04
  +8.75000000000000018215e-04
  +9.00000000000000083787e-04
  +9.25000000000000040939e-04
  +9.49999999999999998092e-04
  +9.75000000000000063664e-04
  +1.00000000000000002082e-03
  +1.02500000000000008639e-03
  +1.05000000000000015196e-03
  +1.07500000000000000069e-03
  +1.10000000000000006627e-03
  +1.12500000000000013184e-03
  +1.14999999999999998057e-03
  +1.17500000000000004614e-03
  +1.20000000000000011172e-03
  +1.22499999999999996045e-03
  +1.25000000000000002602e-03
  +1.27500000000000009159e-03
  +1.30000000000000015717e-03
  +1.32500000000000000590e-03
  +1.35000000000000007147e-03
  +1.37500000000000013704e-03
  +1.39999999999999998578e-03
  +1.42500000000000005135e-03
  +1.45000000000000011692e-03
  +1.47499999999999996565e-03
  +1.50000000000000003123e-03
  +1.52500000000000009680e-03
  +1.55000000000000016237e-03
  +1.57500000000000001110e-03
  +1.60000000000000007667e-03
  +1.62500000000000014225e-03
  +1.64999999999999999098e-03
  +1.67500000000000005655e-03
  +1.70000000000000012212e-03
  +1.72500000000000018770e-03
  +1.75000000000000003643e-03
  +1.77500000000000010200e-03
  +1.80000000000000016757e-03
  +1.82500000000000001631e-03
  +1.85000000000000008188e-03
  +1.87500000000000014745e-03
  +1.89999999999999999618e-03
  +1.92500000000000006176e-03
  +1.95000000000000012733e-03
  +1.97500000000000019290e-03
  +2.00000000000000004163e-03
  +2.02499999999999989037e-03
  +2.05000000000000017278e-03
  +2.07500000000000002151e-03
  +2.10000000000000030392e-03
  +2.12500000000000015266e-03
  +2.15000000000000000139e-03
  +2.17500000000000028380e-03
  +2.20000000000000013253e-03
  +2.22499999999999998126e-03
  +2.25000000000000026368e-03
  +2.27500000000000011241e-03
  +2.29999999999999996114e-03
  +2.32500000000000024356e-03
  +2.35000000000000009229e-03
  +2.37499999999999994102e-03
  +2.40000000000000022343e-03
  +2.42500000000000007216e-03
  +2.44999999999999992090e-03
  +2.47500000000000020331e-03
  +2.50000000000000005204e-03
  +2.52500000000000033445e-03
  +2.55000000000000018319e-03
  +2.57500000000000003192e-03
  +2.60000000000000031433e-03
  +2.62500000000000016306e-03
  +2.65000000000000001180e-03
  +2.67500000000000029421e-03
  +2.70000000000000014294e-03
  +2.72499999999999999167e-03
  +2.75000000000000027409e-03
  +2.77500000000000012282e-03
  +2.79999999999999997155e-03
  +2.82500000000000025396e-03
  +2.85000000000000010270e-03
  +2.87499999999999995143e-03
  +2.90000000000000023384e-03
  +2.92500000000000008257e-03
  +2.94999999999999993130e-03
  +2.97500000000000021372e-03
  +3.00000000000000006245e-03
  +3.02500000000000034486e-03
  +3.05000000000000019360e-03
  +3.07500000000000004233e-03
  +3.10000000000000032474e-03
  +3.12500000000000017347e-03
  +3.15000000000000002220e-03
  +3.17500000000000030462e-03
  +3.20000000000000015335e-03
  +3.22500000000000000208e-03
  +3.25000000000000028449e-03
  +3.27500000000000013323e-03
  +3.29999999999999998196e-03
  +3.32500000000000026437e-03
  +3.35000000000000011310e-03
  +3.37499999999999996184e-03
  +3.40000000000000024425e-03
  +3.42500000000000009298e-03
  +3.45000000000000037539e-03
  +3.47500000000000022413e-03
  +3.50000000000000007286e-03
  +3.52500000000000035527e-03
  +3.55000000000000020400e-03
  +3.57500000000000005274e-03
  +3.60000000000000033515e-03
  +3.62500000000000018388e-03
  +3.65000000000000003261e-03
  +3.67500000000000031503e-03
  +3.70000000000000016376e-03
  +3.72500000000000001249e-03
  +3.75000000000000029490e-03
  +3.77500000000000014364e-03
  +3.79999999999999999237e-03
  +3.82500000000000027478e-03
  +3.85000000000000012351e-03
  +3.87499999999999997224e-03
  +3.90000000000000025466e-03
  +3.92500000000000053707e-03
  +3.95000000000000038580e-03
  +3.97500000000000023453e-03
  +4.00000000000000008327e-03
  +4.02499999999999993200e-03
  +4.04999999999999978073e-03
  +4.07500000000000049682e-03
  +4.10000000000000034556e-03
  +4.12500000000000019429e-03
  +4.15000000000000004302e-03
  +4.17499999999999989175e-03
  +4.20000000000000060785e-03
  +4.22500000000000045658e-03
  +4.25000000000000030531e-03
  +4.27500000000000015404e-03
  +4.30000000000000000278e-03
  +4.32499999999999985151e-03
  +4.35000000000000056760e-03
  +4.37500000000000041633e-03
  +4.40000000000000026507e-03
  +4.42500000000000011380e-03
  +4.44999999999999996253e-03
  +4.47499999999999981126e-03
  +4.50000000000000052736e-03
  +4.52500000000000037609e-03
  +4.55000000000000022482e-03
  +4.57500000000000007355e-03
  +4.59999999999999992228e-03
  +4.62500000000000063838e-03
  +4.65000000000000048711e-03
  +4.67500000000000033584e-03
  +4.70000000000000018457e-03
  +4.72500000000000003331e-03
  +4.74999999999999988204e-03
  +4.77500000000000059813e-03
  +4.80000000000000044686e-03
  +4.82500000000000029560e-03
  +4.85000000000000014433e-03
  +4.87499999999999999306e-03
  +4.89999999999999984179e-03
  +4.92500000000000055789e-03
  +4.95000000000000040662e-03
  +4.97500000000000025535e-03
  +5.00000000000000010408e-03
</indep>
<indep Vs 101>
  +0.00000000000000000000e+00
  +5.00000000000000027756e-02
  +1.00000000000000005551e-01
  +1.50000000000000022204e-01
  +2.00000000000000011102e-01
  +2.50000000000000000000e-01
  +3.00000000000000044409e-01
  +3.50000000000000033307e-01
  +4.00000000000000022204e-01
  +4.50000000000000011102e-01
  +5.00000000000000000000e-01
  +5.50000000000000044409e-01
  +6.00000000000000088818e-01
  +6.50000000000000022204e-01
  +7.00000000000000066613e-01
  +7.50000000000000000000e-01
  +8.00000000000000044409e-01
  +8.50000000000000088818e-01
  +9.00000000000000022204e-01
  +9.50000000000000066613e-01
  +1.00000000000000000000e+00
  +1.05000000000000004441e+00
  +1.10000000000000008882e+00
  +1.15000000000000013323e+00
  +1.20000000000000017764e+00
  +1.25000000000000000000e+00
  +1.30000000000000004441e+00
  +1.35000000000000008882e+00
  +1.40000000000000013323e+00
  +1.45000000000000017764e+00
  +1.50000000000000000000e+00
  +1.55000000000000004441e+00
  +1.60000000000000008882e+00
  +1.65000000000000013323e+00
  +1.70000000000000017764e+00
  +1.75000000000000000000e+00
  +1.80000000000000004441e+00
  +1.85000000000000008882e+00
  +1.90000000000000013323e+00
  +1.95000000000000017764e+00
  +2.00000000000000000000e+00
  +2.05000000000000026645e+00
  +2.10000000000000008882e+00
  +2.14999999999999991118e+00
  +2.20000000000000017764e+00
  +2.25000000000000000000e+00
  +2.30000000000000026645e+00
  +2.35000000000000008882e+00
  +2.40000000000000035527e+00
  +2.45000000000000017764e+00
  +2.50000000000000000000e+00
  +2.55000000000000026645e+00
  +2.60000000000000008882e+00
  +2.65000000000000035527e+00
  +2.70000000000000017764e+00
  +2.75000000000000000000e+00
  +2.80000000000000026645e+00
  +2.85000000000000008882e+00
  +2.90000000000000035527e+00
  +2.95000000000000017764e+00
  +3.00000000000000000000e+00
  +3.05000000000000026645e+00
  +3.10000000000000008882e+00
  +3.15000000000000035527e+00
  +3.20000000000000017764e+00
  +3.25000000000000000000e+00
  +3.30000000000000026645e+00
  +3.35000000000000008882e+00
  +3.40000000000000035527e+00
  +3.45000000000000017764e+00
  +3.50000000000000000000e+00
  +3.55000000000000026645e+00
  +3.60000000000000008882e+00
  +3.65000000000000035527e+00
  +3.70000000000000017764e+00
  +3.75000000000000000000e+00
  +3.80000000000000026645e+00
  +3.85000000000000008882e+00
  +3.90000000000000035527e+00
  +3.95000000000000017764e+00
  +4.00000000000000000000e+00
  +4.04999999999999982236e+00
  +4.10000000000000053291e+00
  +4.15000000000000035527e+00
  +4.20000000000000017764e+00
  +4.25000000000000000000e+00
  +4.29999999999999982236e+00
  +4.35000000000000053291e+00
  +4.40000000000000035527e+00
  +4.45000000000000017764e+00
  +4.50000000000000000000e+00
  +4.54999999999999982236e+00
  +4.60000000000000053291e+00
  +4.65000000000000035527e+00
  +4.70000000000000017764e+00
  +4.75000000000000000000e+00
  +4.80000000000000071054e+00
  +4.85000000000000053291e+00
  +4.90000000000000035527e+00
  +4.95000000000000017764e+00
  +5.00000000000000000000e+00
</indep>
<dep V2.It time>
  +0.00000000000000000000e+00
  -3.98215847962993382478e-04
  -3.59176367531608450694e-04
  -3.45158436449136195139e-04
  -3.40079162455878252630e-04
  -3.38247086182279698904e-04
  -3.37586556207015141013e-04
  -3.37346711260834441776e-04
  -3.37259040947365579168e-04
  -3.37226798236829703338e-04
  -3.37214874051979299728e-04
  -3.37210442025960544475e-04
  -3.37208787341299661561e-04
  -3.37208167128310839014e-04
  -3.37207933853915812691e-04
  -3.37207845850609781377e-04
  -3.37207812564718810780e-04
  -3.37207799946646858899e-04
  -3.37207795154192177100e-04
  -3.37207793330997370167e-04
  -3.37207792807112073045e-04
  +6.08760072467849842046e-05
  +2.19326727088256925662e-05
  +7.95924176078864425120e-06
  +2.90838666489364123377e-06
  +1.06979488896669540506e-06
  +3.95962813405120181971e-07
  +1.47410709328774937333e-07
  +5.51728241822219172959e-08
  +2.07324090640129678025e-08
  +7.82296224592053250790e-09
  +2.95163931085177887688e-09
  +1.10402884476383506066e-09
  +4.12931667111628284062e-10
  +1.54917827827731501063e-10
  +5.82727996867677533825e-11
  +2.19688789134893271648e-11
  +8.29819044250012187412e-12
  +3.13954593803680342643e-12
  +1.18945939740718047830e-12
  +4.51168099300088423989e-13
  -3.98213540777003598137e-04
  -3.59174017748771989226e-04
  -3.45158093990029007578e-04
  -3.40079129020429723855e-04
  -3.38247208533993962490e-04
  -3.37586647773253022923e-04
  -3.37346761419133505441e-04
  -3.37259065358979368606e-04
  -3.37226809417165494624e-04
  -3.37214878991258753919e-04
  -3.37210444157848580806e-04
  -3.37208788246898716508e-04
  -3.37208167508616218216e-04
  -3.37207934012264244714e-04
  -3.37207845916106922508e-04
  -3.37207812591667631559e-04
  -3.37207799957686910151e-04
  -3.37207795158698446589e-04
  -3.37207793332830864461e-04
  -3.37207792807790566764e-04
  +6.08676190842652415714e-05
  +2.19324597354405052222e-05
  +7.95945883957453997459e-06
  +2.90856914644512394349e-06
  +1.06989845578212663775e-06
  +3.96014135557588264802e-07
  +1.47434488279970692019e-07
  +5.51311507266112994881e-08
  +2.07175711634154058330e-08
  +7.79446991630457798012e-09
  +2.94294195501248370226e-09
  +1.10538525232220925429e-09
  +4.14084333471456624469e-10
  +1.55587989552416802290e-10
  +5.86130369668303227066e-11
  +2.21300282075571953179e-11
  +8.37138439044891739007e-12
  +3.17187642235731381384e-12
  +1.20345978836813906038e-12
  +4.57141785775364097831e-13
  -3.98214284143074879162e-04
  -3.59180078306922646002e-04
  -3.45154054590037428704e-04
  -3.40088298343742994386e-04
  -3.38252921918038369949e-04
  -3.37589569441468651933e-04
  -3.37348130293225654218e-04
  -3.37259676740765657575e-04
  -3.37227074619850177191e-04
  -3.37214991854360918774e-04
  -3.37210491563606773457e-04
  -3.37208807972871362196e-04
  -3.37208175659937741363e-04
  -3.37207937362715291958e-04
  -3.37207847287441446309e-04
  -3.37207813151013874927e-04
  -3.37207800185170632114e-04
  -3.37207795250981181862e-04
  -3.37207793370182876136e-04
  -3.37207792821609373974e-04
  +6.08739199746315069782e-05
  +2.19371308144207752288e-05
  +7.96198868299470507938e-06
  +2.90978610159388735977e-06
  +1.07044950664500136312e-06
  +3.96255006012174476258e-07
  +1.47537465525319959542e-07
  +5.51808445457025705704e-08
  +2.07375174749790439780e-08
  +7.81516166232409139844e-09
  +2.93152951532374041667e-09
  +1.09734660097404228264e-09
  +4.14419983474861537451e-10
  +1.57040895764966408035e-10
  +5.96560260386157094719e-11
  +2.27100057264625434115e-11
  +8.66105026383150944744e-12
  +3.30825845720683147889e-12
  +1.26533029843569886473e-12
  +4.84504166766395030300e-13
  -3.98214021638000235589e-04
  -3.59165253331350899698e-04
  -3.45131226029662149628e-04
  -3.40088684107944772515e-04
  -3.38260628369357744302e-04
  -3.37589377515817444693e-04
  -3.37346629703502156553e-04
  -3.37258617969744768552e-04
  -3.37226501702801793447e-04
  -3.37214713418614183381e-04
  -3.37210363751720752865e-04
  -3.37208751304366404194e-04
  -3.37208151105051134270e-04
  -3.37207926893155773580e-04
  -3.37207842876167474336e-04
  -3.37207811309147859752e-04
  -3.37207799421620764251e-04
  -3.37207794936290254466e-04
  -3.37207793241114624824e-04
  -3.37207792762769396813e-04
  +6.08785828529485856632e-05
  +2.19415991802355167767e-05
  +7.96460296527769848597e-06
  +2.91131313037808920959e-06
  +1.07121429988568041240e-06
  +3.96518018758316003320e-07
  +1.47566752462499061508e-07
  +5.51794905621500563345e-08
  +2.07334202154308485690e-08
  +7.81622884382301683343e-09
  +2.95098291025814530089e-09
  +1.10842906690760209282e-09
  +4.15217533460938621566e-10
  +1.56011720900322607791e-10
  +5.87720889191276033264e-11
  +2.21899296509104765907e-11
  +8.39400945919765769288e-12
  +3.18044327282209281907e-12
  +1.20671047568252971154e-12
  +4.58377491205773663123e-13
  -3.98214303070162803453e-04
  -3.59176776859775732063e-04
  -3.45151332563647765539e-04
  -3.40075301932673266288e-04
  -3.38243929061304783763e-04
  -3.37584791656585486014e-04
  -3.37345847684960870472e-04
  -3.37258481574190575013e-04
  -3.37226504734574814015e-04
  -3.37214733634351470672e-04
  -3.37210378174727920791e-04
  -3.37208759207589727370e-04
  -3.37208154991422773272e-04
  -3.37207928695932180468e-04
  -3.37207843682764722096e-04
  -3.37207811661351043904e-04
  -3.37207799572749981898e-04
  -3.37207795000295479197e-04
  -3.37207793267946677029e-04
  -3.37207790728185523906e-04
  +6.08721901350138354641e-05
  +2.19358598835416722416e-05
  +7.96130226919131762269e-06
  +2.90945635337675963283e-06
  +1.07030030990165884764e-06
  +3.96189823513170724785e-07
  +1.47509608401559774386e-07
  +5.52087296121606946025e-08
  +2.07561507356646571904e-08
  +7.82140698494743710970e-09
  +2.95835662086964635473e-09
  +1.11483756894995953847e-09
  +4.20992602730452852977e-10
  +1.59436020480528214539e-10
  +6.05312927833322006523e-11
  +2.30305972051653867207e-11
  +8.77868994449038015999e-12
  +3.35148516438110637964e-12
  +1.28122922593856397700e-12
  +4.90355239700340031490e-13
</dep>
<dep Vin.Vt time>
  +0.00000000000000000000e+00
  +4.50000000000000000000e+00
  +4.50000000000000000000e+00
  +4.50000000000000000000e+00
  +4.50000000000000000000e+00
  +4.50000000000000000000e+00
  +4.50000000000000000000e+00
  +4.50000000000000000000e+00
  +4.50000000000000000000e+00
  +4.50000000000000000000e+00
  +4.50000000000000000000e+00
  +4.50000000000000000000e+00
  +4.50000000000000000000e+00
  +4.50000000000000000000e+00
  +4.50000000000000000000e+00
  +4.50000000000000000000e+00
  +4.50000000000000000000e+00
  +4.50000000000000000000e+00
  +4.50000000000000000000e+00
  +4.50000000000000000000e+00
  +4.50000000153452539564e+00
  +0.00000000000000000000e+00
  +0.00000000000000000000e+00
  +0.00000000000000000000e+00
  +0.00000000000000000000e+00
  +0.00000000000000000000e+00
  +0.00000000000000000000e+00
  +0.00000000000000000000e+00
  +0.00000000000000000000e+00
  +0.00000000000000000000e+00
  +0.00000000000000000000e+00
  +0.00000000000000000000e+00
  +0.00000000000000000000e+00
  +0.00000000000000000000e+00
  +0.00000000000000000000e+00
  +0.00000000000000000000e+00
  +0.00000000000000000000e+00
  +0.00000000000000000000e+00
  +0.00000000000000000000e+00
  +0.00000000000000000000e+00
  +0.00000000000000000000e+00
  +4.50000000000000000000e+00
  +4.50000000000000000000e+00
  +4.50000000000000000000e+00
  +4.50000000000000000000e+00
  +4.50000000000000000000e+00
  +4.50000000000000000000e+00
  +4.50000000000000000000e+00
  +4.50000000000000000000e+00
  +4.50000000000000000000e+00
  +4.50000000000000000000e+00
  +4.50000000000000000000e+00
  +4.50000000000000000000e+00
  +4.50000000000000000000e+00
  +4.50000000000000000000e+00
  +4.50000000000000000000e+00
  +4.50000000000000000000e+00
  +4.50000000000000000000e+00
  +4.50000000000000000000e+00
  +4.50000000000000000000e+00
  +4.50000000153452539564e+00
  +0.00000000000000000000e+00
  +0.00000000000000000000e+00
  +0.00000000000000000000e+00
  +0.00000000000000000000e+00
  +0.00000000000000000000e+00
  +0.00000000000000000000e+00
  +0.00000000000000000000e+00
  +0.00000000000000000000e+00
  +0.00000000000000000000e+00
  +0.00000000000000000000e+00
  +0.00000000000000000000e+00
  +0.00000000000000000000e+00
  +0.00000000000000000000e+00
  +0.00000000000000000000e+00
  +0.00000000000000000000e+00
  +0.00000000000000000000e+00
  +0.00000000000000000000e+00
  +0.00000000000000000000e+00
  +0.00000000000000000000e+00
  +0.00000000000000000000e+00
  +4.50000000000000000000e+00
  +4.50000000000000000000e+00
  +4.50000000000000000000e+00
  +4.50000000000000000000e+00
  +4.50000000000000000000e+00
  +4.50000000000000000000e+00
  +4.50000000000000000000e+00
  +4.50000000000000000000e+00
  +4.50000000000000000000e+00
  +4.50000000000000000000e+00
  +4.50000000000000000000e+00
  +4.50000000000000000000e+00
  +4.50000000000000000000e+00
  +4.50000000000000000000e+00
  +4.50000000000000000000e+00
  +4.50000000000000000000e+00
  +4.50000000000000000000e+00
  +4.50000000000000000000e+00
  +4.50000000000000000000e+00
  +4.50000000153452539564e+00
  +0.00000000000000000000e+00
  +0.00000000000000000000e+00
  +0.00000000000000000000e+00
  +0.00000000000000000000e+00
  +0.00000000000000000000e+00
  +0.00000000000000000000e+00
  +0.00000000000000000000e+00
  +0.00000000000000000000e+00
  +0.00000000000000000000e+00
  +0.00000000000000000000e+00
  +0.00000000000000000000e+00
  +0.00000000000000000000e+00
  +0.00000000000000000000e+00
  +0.00000000000000000000e+00
  +0.00000000000000000000e+00
  +0.00000000000000000000e+00
  +0.00000000000000000000e+00
  +0.00000000000000000000e+00
  +0.00000000000000000000e+00
  +0.00000000000000000000e+00
  +4.50000000000000000000e+00
  +4.50000000000000000000e+00
  +4.50000000000000000000e+00
  +4.50000000000000000000e+00
  +4.50000000000000000000e+00
  +4.50000000000000000000e+00
  +4.50000000000000000000e+00
  +4.50000000000000000000e+00
  +4.50000000000000000000e+00
  +4.50000000000000000000e+00
  +4.50000000000000000000e+00
  +4.50000000000000000000e+00
  +4.50000000000000000000e+00
  +4.50000000000000000000e+00
  +4.50000000000000000000e+00
  +4.50000000000000000000e+00
  +4.50000000000000000000e+00
  +4.50000000000000000000e+00
  +4.50000000000000000000e+00
  +4.50000000153452539564e+00
  +0.00000000000000000000e+00
  +0.00000000000000000000e+00
  +0.00000000000000000000e+00
  +0.00000000000000000000e+00
  +0.00000000000000000000e+00
  +0.00000000000000000000e+00
  +0.00000000000000000000e+00
  +0.00000000000000000000e+00
  +0.00000000000000000000e+00
  +0.00000000000000000000e+00
  +0.00000000000000000000e+00
  +0.00000000000000000000e+00
  +0.00000000000000000000e+00
  +0.00000000000000000000e+00
  +0.00000000000000000000e+00
  +0.00000000000000000000e+00
  +0.00000000000000000000e+00
  +0.00000000000000000000e+00
  +0.00000000000000000000e+00
  +0.00000000000000000000e+00
  +4.50000000000000000000e+00
  +4.50000000000000000000e+00
  +4.50000000000000000000e+00
  +4.50000000000000000000e+00
  +4.50000000000000000000e+00
  +4.50000000000000000000e+00
  +4.50000000000000000000e+00
  +4.50000000000000000000e+00
  +4.50000000000000000000e+00
  +4.50000000000000000000e+00
  +4.50000000000000000000e+00
  +4.50000000000000000000e+00
  +4.50000000000000000000e+00
  +4.50000000000000000000e+00
  +4.50000000000000000000e+00
  +4.50000000000000000000e+00
  +4.50000000000000000000e+00
  +4.50000000000000000000e+00
  +4.50000000000000000000e+00
  +4.49999998201888651295e+00
  +0.00000000000000000000e+00
  +0.00000000000000000000e+00
  +0.00000000000000000000e+00
  +0.00000000000000000000e+00
  +0.00000000000000000000e+00
  +0.00000000000000000000e+00
  +0.00000000000000000000e+00
  +0.00000000000000000000e+00
  +0.00000000000000000000e+00
  +0.00000000000000000000e+00
  +0.00000000000000000000e+00
  +0.00000000000000000000e+00
  +0.00000000000000000000e+00
  +0.00000000000000000000e+00
  +0.00000000000000000000e+00
  +0.00000000000000000000e+00
  +0.00000000000000000000e+00
  +0.00000000000000000000e+00
  +0.00000000000000000000e+00
  +0.00000000000000000000e+00
</dep>
<dep Vout2.Vt time>
  +0.00000000000000000000e+00
  +1.99325074565763271650e+00
  +2.64987075780808645220e+00
  +2.86537083196417663444e+00
  +2.93622329969387818593e+00
  +2.95916951634323766029e+00
  +2.96652721032024402348e+00
  +2.96888645156190333907e+00
  +2.96964294119761618163e+00
  +2.96988550925671912495e+00
  +2.96996328859501801389e+00
  +2.96998822850462040890e+00
  +2.96999622547533803640e+00
  +2.96999878970037833881e+00
  +2.96999961191797634541e+00
  +2.96999987556167432956e+00
  +2.96999996009890754323e+00
  +2.96999998720573543665e+00
  +2.96999999589752672335e+00
  +2.96999999868454400698e+00
  +2.96999999962204741522e+00
  +9.74428674723697874072e-01
  +3.19580540224225551071e-01
  +1.04823747746397688552e-01
  +3.43826256876933605833e-02
  +1.12776443753954958016e-02
  +3.69911430887060865141e-03
  +1.21332489433206695308e-03
  +3.97975616940421720018e-04
  +1.30366593803526780934e-04
  +4.26867261997572336810e-05
  +1.38920382816480797222e-05
  +4.43522052517626515260e-06
  +1.40831904435569536632e-06
  +4.47184648302488366883e-07
  +1.41994891341478153278e-07
  +4.50877489726337047150e-08
  +1.43167482168804592790e-08
  +4.54600826557025885765e-09
  +1.44349756226529978231e-09
  +4.58354910624979080755e-10
  +1.99329737232954240511e+00
  +2.64991498194455266102e+00
  +2.86537677716790506466e+00
  +2.93622380926060078110e+00
  +2.95916773543321731665e+00
  +2.96652601572065677260e+00
  +2.96888586853665614740e+00
  +2.96964269011664860898e+00
  +2.96988540817943036387e+00
  +2.96996324958823265661e+00
  +2.96998821388159894852e+00
  +2.96999622010801367367e+00
  +2.96999878776175973982e+00
  +2.96999961122657518686e+00
  +2.96999987531759712667e+00
  +2.96999996001346655561e+00
  +2.96999998717603519438e+00
  +2.96999999588726160127e+00
  +2.96999999868101571820e+00
  +2.96999999962206784332e+00
  +9.74259192596044099055e-01
  +3.19576550552484350831e-01
  +1.04827516577892007610e-01
  +3.43855273889484697181e-02
  +1.12791424657815927968e-02
  +3.69978489276529508289e-03
  +1.21360363115030752898e-03
  +3.97540177723264970266e-04
  +1.30229339513731110336e-04
  +4.24543397952152029942e-05
  +1.38300955615192128136e-05
  +4.44421540760308855295e-06
  +1.41475820897317903143e-06
  +4.50369886759488319100e-07
  +1.43369399529386151930e-07
  +4.56397848206797415764e-08
  +1.45288322704523939133e-08
  +4.62506490712668051072e-09
  +1.47232929645958633432e-09
  +4.68696894150171148558e-10
  +1.99328241697082231276e+00
  +2.64980104545510286584e+00
  +2.86544690127260137658e+00
  +2.93607777402162239966e+00
  +2.95908516149399192230e+00
  +2.96648803413761319447e+00
  +2.96886998747514541108e+00
  +2.96963640640132453541e+00
  +2.96988300987636044681e+00
  +2.96996235717823608979e+00
  +2.96998788802006341569e+00
  +2.96999610284109705205e+00
  +2.96999874604750147000e+00
  +2.96999959652739153881e+00
  +2.96999987017837918657e+00
  +2.96999995822850682003e+00
  +2.96999998655957631044e+00
  +2.96999999567539996193e+00
  +2.96999999860851326972e+00
  +2.96999999962109884066e+00
  +9.74386502584313141107e-01
  +3.19664304347244576654e-01
  +1.04871390565024619201e-01
  +3.44048691376401538644e-02
  +1.12871109460899680249e-02
  +3.70293149494834101035e-03
  +1.21481056771485448897e-03
  +3.98059230443988847428e-04
  +1.30413831778497735702e-04
  +4.26230098331927470057e-05
  +1.37475945436100184071e-05
  +4.39421588760731407914e-06
  +1.41662624143299447752e-06
  +4.57090066121753521664e-07
  +1.47485146354371851012e-07
  +4.75877075599715010936e-08
  +1.53546981970112547653e-08
  +4.95436256146989629944e-09
  +1.59857967089654741353e-09
  +5.15799345021206941611e-10
  +1.99328767533954720470e+00
  +2.65007966970716246635e+00
  +2.86584333261513002356e+00
  +2.93607076036497893767e+00
  +2.95897320684440190419e+00
  +2.96649090523073999393e+00
  +2.96888765401068610572e+00
  +2.96964739806665134481e+00
  +2.96988822891025305850e+00
  +2.96996456974474076773e+00
  +2.96998876898319030815e+00
  +2.96999643988625861013e+00
  +2.96999887148153440819e+00
  +2.96999964227156221241e+00
  +2.96999988660386193828e+00
  +2.96999996405462107774e+00
  +2.96999998860569425219e+00
  +2.96999999638812584024e+00
  +2.96999999885507337538e+00
  +2.96999999981938112015e+00
  +9.74480713053532676682e-01
  +3.19748248463773587780e-01
  +1.04916729426122568025e-01
  +3.44291401358941331901e-02
  +1.12981712437778530206e-02
  +3.70636765742202384591e-03
  +1.21515345998147701947e-03
  +3.98044802660454607752e-04
  +1.30375803390529759100e-04
  +4.26316572523371216234e-05
  +1.38873730873807333752e-05
  +4.46299742580369086440e-06
  +1.42076610917138928511e-06
  +4.52291620268310321122e-07
  +1.43984086081726948377e-07
  +4.58363942990837279822e-08
  +1.45917170398160443278e-08
  +4.64517790777279539282e-09
  +1.47876207686744420098e-09
  +4.70754258157096815896e-10
  +1.99328203378457824435e+00
  +2.64986309198211245075e+00
  +2.86549416567929915445e+00
  +2.93628481851459888219e+00
  +2.95921515423843928261e+00
  +2.96655013281921675627e+00
  +2.96889645305754523719e+00
  +2.96964867527349341003e+00
  +2.96988815241227488428e+00
  +2.96996439225042774268e+00
  +2.96998866393227345384e+00
  +2.96999639105439072750e+00
  +2.96999885105763894444e+00
  +2.96999963422320778506e+00
  +2.96999988355145916330e+00
  +2.96999996292749290916e+00
  +2.96999998819761312774e+00
  +2.96999999624259736208e+00
  +2.96999999880379572659e+00
  +2.96999999693191885086e+00
  +9.74351551282519490194e-01
  +3.19640427856469067081e-01
  +1.04859486276572599905e-01
  +3.43996281569368261843e-02
  +1.12849534110282256893e-02
  +3.70207994423921984625e-03
  +1.21448404918930979307e-03
  +3.98350672944753801067e-04
  +1.30586298857738388086e-04
  +4.26738999084407780605e-05
  +1.39400463998042618179e-05
  +4.50315094014798496919e-06
  +1.45195497561517765850e-06
  +4.68155138309530584776e-07
  +1.50947678961433461333e-07
  +4.86701948121715599903e-08
  +1.56927743397754093783e-08
  +5.05983523241491018809e-09
  +1.63144718867815388336e-09
  +5.26028972721219854785e-10
</dep>
<dep Vout.Vt time>
  +0.00000000000000000000e+00
  +6.06144855388444314670e-01
  +8.42870380982550293503e-01
  +9.35026704270067843261e-01
  +9.70971238872798458885e-01
  +9.84857489456206325329e-01
  +9.90187015991025987205e-01
  +9.92232481965785506617e-01
  +9.93017529385395336661e-01
  +9.93318829655671864387e-01
  +9.93434468342712539979e-01
  +9.93478850333901153391e-01
  +9.93495884089578451537e-01
  +9.93502421624841813852e-01
  +9.93504930723136170378e-01
  +9.93505893712091303627e-01
  +9.93506263306112247236e-01
  +9.93506405155860417011e-01
  +9.93506459597625068980e-01
  +9.93506480492310273256e-01
  +9.93506488524172448606e-01
  +3.86596084117761751298e-01
  +1.50398940662063995699e-01
  +5.85142842777939542476e-02
  +2.27655956183613304711e-02
  +8.85719359393134612890e-03
  +3.44598400478946268952e-03
  +1.34069619629868753627e-03
  +5.21611907737102448168e-04
  +2.02777169778675588367e-04
  +7.88096435864261876366e-05
  +3.05165993955220270423e-05
  +1.16829741871038083944e-05
  +4.45812622497870589164e-06
  +1.70118405806131173245e-06
  +6.49157752238338470367e-07
  +2.47713223795060042220e-07
  +9.45253153511024744165e-08
  +3.60700777509462570923e-08
  +1.37640430410278247065e-08
  +5.25224487020400965568e-09
  +6.06156085147882217612e-01
  +8.42882969857835062655e-01
  +9.35028715472156046751e-01
  +9.70971460251100815242e-01
  +9.84856649792113292285e-01
  +9.90186338819555977864e-01
  +9.92232085839813149342e-01
  +9.93017325062842015626e-01
  +9.93318731165980350895e-01
  +9.93434422838460173821e-01
  +9.93478829912311289796e-01
  +9.93495875116739646238e-01
  +9.93502417745396826376e-01
  +9.93504929066978959007e-01
  +9.93505893012270879794e-01
  +9.93506263012883472641e-01
  +9.93506405033862116660e-01
  +9.93506459547173315094e-01
  +9.93506480471553987677e-01
  +9.93506488516023300583e-01
  +3.86555243389049674185e-01
  +1.50397793100879834105e-01
  +5.85155590474031941928e-02
  +2.27667612671243815847e-02
  +8.85790765793319397059e-03
  +3.44636319395036708202e-03
  +1.34088316601248106787e-03
  +5.21265510699359677430e-04
  +2.02647557662020917548e-04
  +7.85497543620495750592e-05
  +3.04340932619665532476e-05
  +1.16960764134183610208e-05
  +4.46968557496106320471e-06
  +1.70810179694918232053e-06
  +6.52755479062180570915e-07
  +2.49452179142211130992e-07
  +9.53287895311096906640e-08
  +3.64301412187136457943e-08
  +1.39218718263731080170e-08
  +5.32027899607489755452e-09
  +6.06152443116928174582e-01
  +8.42850456038656936641e-01
  +9.35052438588044321222e-01
  +9.70912970220394688781e-01
  +9.84817232926836760853e-01
  +9.90164684065572231475e-01
  +9.92221264431240368431e-01
  +9.93012206263286678620e-01
  +9.93316395193670986785e-01
  +9.93433383449467966031e-01
  +9.93478376053167577808e-01
  +9.93495679793392261203e-01
  +9.93502334652216712030e-01
  +9.93504894049514142296e-01
  +9.93505878370098738372e-01
  +9.93506256930713149700e-01
  +9.93506402521632026037e-01
  +9.93506458514555990114e-01
  +9.93506480048917728354e-01
  +9.93506488350540006849e-01
  +3.86585921136408661170e-01
  +1.50422874121080629717e-01
  +5.85304322318101200029e-02
  +2.27745382293713001520e-02
  +8.86170786347296839114e-03
  +3.44814307392903203475e-03
  +1.34169291534565540691e-03
  +5.21678641450552425460e-04
  +2.02821798483808154751e-04
  +7.87385247126445945434e-05
  +3.03262619920225258386e-05
  +1.16172594866506309180e-05
  +4.47305406942786994352e-06
  +1.72316484348956611569e-06
  +6.63818731397139629596e-07
  +2.55724407225795863852e-07
  +9.85132979199741526919e-08
  +3.79505029353749567831e-08
  +1.46197589915001936084e-08
  +5.63200317354219608863e-09
  +6.06153737282979387935e-01
  +8.42930017774202622327e-01
  +9.35186464368125802693e-01
  +9.70910816458200098822e-01
  +9.84764268916741625226e-01
  +9.90165973846399261049e-01
  +9.92233036260084855229e-01
  +9.93021032104244083527e-01
  +9.93321428186288657436e-01
  +9.93435943772603691215e-01
  +9.93479598867636481963e-01
  +9.93496240858335100121e-01
  +9.93502585040021313212e-01
  +9.93505003539225772791e-01
  +9.93505925508155862680e-01
  +9.93506276976829916237e-01
  +9.93506410962070263260e-01
  +9.93506462039295490385e-01
  +9.93506481510715855343e-01
  +9.93506488986637403826e-01
  +3.86608624922371413302e-01
  +1.50446867175612009060e-01
  +5.85458016682302989642e-02
  +2.27842963401038468840e-02
  +8.86698174788304142868e-03
  +3.45008646365672520459e-03
  +1.34192333779182041385e-03
  +5.21667485806816722156e-04
  +2.02786053153218500137e-04
  +7.87482788603454585087e-05
  +3.05103691275515985081e-05
  +1.17259732408428650827e-05
  +4.48116353947077366540e-06
  +1.71250831423858546290e-06
  +6.54447154294804086459e-07
  +2.50101604881837363587e-07
  +9.55780957316132975240e-08
  +3.65258447181805968240e-08
  +1.39586096810606699861e-08
  +5.33438133276677880587e-09
  +6.06152351234077291231e-01
  +8.42868174630180377882e-01
  +9.35068421349414813371e-01
  +9.70995852626297617505e-01
  +9.84879267415481041148e-01
  +9.90200100302426999832e-01
  +9.92239314936629757113e-01
  +9.93022218072009077439e-01
  +9.93321418804298805760e-01
  +9.93435763828807272269e-01
  +9.93479462868344320725e-01
  +9.93496163254431796652e-01
  +9.93502545611994358765e-01
  +9.93504984746505281912e-01
  +9.93505916906307740000e-01
  +9.93506273148201390910e-01
  +9.93506409292547632006e-01
  +9.93506461322596012842e-01
  +9.93506481206829050734e-01
  +9.93506488017237066046e-01
  +3.86577498814570874597e-01
  +1.50416049947275698440e-01
  +5.85263967797407871907e-02
  +2.27724310086610606807e-02
  +8.86067898551582550093e-03
  +3.44766143125008889259e-03
  +1.34147387169307854074e-03
  +5.21910400188956404358e-04
  +2.02984526878185848886e-04
  +7.87955073810960206085e-05
  +3.05802630740342520888e-05
  +1.17887034367590504342e-05
  +4.53945653548948921901e-06
  +1.74800102048062208803e-06
  +6.73099862001833390675e-07
  +2.59189450645924082011e-07
  +9.98056530963167772384e-08
  +3.84319977728974261625e-08
  +1.47989458211410688247e-08
  +5.69860559191423865856e-09
</dep>
<dep V2.I Vs>
  +0.00000000000000000000e+00
  +0.00000000000000000000e+00
  +0.00000000000000000000e+00
  +0.00000000000000000000e+00
  +0.00000000000000000000e+00
  +0.00000000000000000000e+00
  +0.00000000000000000000e+00
  +0.00000000000000000000e+00
  +0.00000000000000000000e+00
  +0.00000000000000000000e+00
  +0.00000000000000000000e+00
  +0.00000000000000000000e+00
  +0.00000000000000000000e+00
  +0.00000000000000000000e+00
  +0.00000000000000000000e+00
  +0.00000000000000000000e+00
  +0.00000000000000000000e+00
  +0.00000000000000000000e+00
  +0.00000000000000000000e+00
  +0.00000000000000000000e+00
  +0.00000000000000000000e+00
  +0.00000000000000000000e+00
  +0.00000000000000000000e+00
  +0.00000000000000000000e+00
  +0.00000000000000000000e+00
  +0.00000000000000000000e+00
  +0.00000000000000000000e+00
  +0.00000000000000000000e+00
  +0.00000000000000000000e+00
  +0.00000000000000000000e+00
  +0.00000000000000000000e+00
  +0.00000000000000000000e+00
  +0.00000000000000000000e+00
  +0.00000000000000000000e+00
  +0.00000000000000000000e+00
  +0.00000000000000000000e+00
  +0.00000000000000000000e+00
  +0.00000000000000000000e+00
  +0.00000000000000000000e+00
  +0.00000000000000000000e+00
  +0.00000000000000000000e+00
  +0.00000000000000000000e+00
  +0.00000000000000000000e+00
  +0.00000000000000000000e+00
  +0.00000000000000000000e+00
  +0.00000000000000000000e+00
  +0.00000000000000000000e+00
  +0.00000000000000000000e+00
  +0.00000000000000000000e+00
  +0.00000000000000000000e+00
  +0.00000000000000000000e+00
  +0.00000000000000000000e+00
  +0.00000000000000000000e+00
  +0.00000000000000000000e+00
  +0.00000000000000000000e+00
  +0.00000000000000000000e+00
  +0.00000000000000000000e+00
  +0.00000000000000000000e+00
  +0.00000000000000000000e+00
  +0.00000000000000000000e+00
  +0.00000000000000000000e+00
  +0.00000000000000000000e+00
  +0.00000000000000000000e+00
  +0.00000000000000000000e+00
  +0.00000000000000000000e+00
  +0.00000000000000000000e+00
  +0.00000000000000000000e+00
  +0.00000000000000000000e+00
  +0.00000000000000000000e+00
  +0.00000000000000000000e+00
  +0.00000000000000000000e+00
  +0.00000000000000000000e+00
  +0.00000000000000000000e+00
  +0.00000000000000000000e+00
  +0.00000000000000000000e+00
  +0.00000000000000000000e+00
  +0.00000000000000000000e+00
  +0.00000000000000000000e+00
  +0.00000000000000000000e+00
  +0.00000000000000000000e+00
  +0.00000000000000000000e+00
  +0.00000000000000000000e+00
  +0.00000000000000000000e+00
  +0.00000000000000000000e+00
  +0.00000000000000000000e+00
  +0.00000000000000000000e+00
  +0.00000000000000000000e+00
  +0.00000000000000000000e+00
  +0.00000000000000000000e+00
  +0.00000000000000000000e+00
  +0.00000000000000000000e+00
  +0.00000000000000000000e+00
  +0.00000000000000000000e+00
  +0.00000000000000000000e+00
  +0.00000000000000000000e+00
  +0.00000000000000000000e+00
  +0.00000000000000000000e+00
  +0.00000000000000000000e+00
  +0.00000000000000000000e+00
  +0.00000000000000000000e+00
  +0.00000000000000000000e+00
</dep>
<dep Vin.V Vs>
  +0.00000000000000000000e+00
  +0.00000000000000000000e+00
  +0.00000000000000000000e+00
  +0.00000000000000000000e+00
  +0.00000000000000000000e+00
  +0.00000000000000000000e+00
  +0.00000000000000000000e+00
  +0.00000000000000000000e+00
  +0.00000000000000000000e+00
  +0.00000000000000000000e+00
  +0.00000000000000000000e+00
  +0.00000000000000000000e+00
  +0.00000000000000000000e+00
  +0.00000000000000000000e+00
  +0.00000000000000000000e+00
  +0.00000000000000000000e+00
  +0.00000000000000000000e+00
  +0.00000000000000000000e+00
  +0.00000000000000000000e+00
  +0.00000000000000000000e+00
  +0.00000000000000000000e+00
  +0.00000000000000000000e+00
  +0.00000000000000000000e+00
  +0.00000000000000000000e+00
  +0.00000000000000000000e+00
  +0.00000000000000000000e+00
  +0.00000000000000000000e+00
  +0.00000000000000000000e+00
  +0.00000000000000000000e+00
  +0.00000000000000000000e+00
  +0.00000000000000000000e+00
  +0.00000000000000000000e+00
  +0.00000000000000000000e+00
  +0.00000000000000000000e+00
  +0.00000000000000000000e+00
  +0.00000000000000000000e+00
  +0.00000000000000000000e+00
  +0.00000000000000000000e+00
  +0.00000000000000000000e+00
  +0.00000000000000000000e+00
  +0.00000000000000000000e+00
  +0.00000000000000000000e+00
  +0.00000000000000000000e+00
  +0.00000000000000000000e+00
  +0.00000000000000000000e+00
  +0.00000000000000000000e+00
  +0.00000000000000000000e+00
  +0.00000000000000000000e+00
  +0.00000000000000000000e+00
  +0.00000000000000000000e+00
  +0.00000000000000000000e+00
  +0.00000000000000000000e+00
  +0.00000000000000000000e+00
  +0.00000000000000000000e+00
  +0.00000000000000000000e+00
  +0.00000000000000000000e+00
  +0.00000000000000000000e+00
  +0.00000000000000000000e+00
  +0.00000000000000000000e+00
  +0.00000000000000000000e+00
  +0.00000000000000000000e+00
  +0.00000000000000000000e+00
  +0.00000000000000000000e+00
  +0.00000000000000000000e+00
  +0.00000000000000000000e+00
  +0.00000000000000000000e+00
  +0.00000000000000000000e+00
  +0.00000000000000000000e+00
  +0.00000000000000000000e+00
  +0.00000000000000000000e+00
  +0.00000000000000000000e+00
  +0.00000000000000000000e+00
  +0.00000000000000000000e+00
  +0.00000000000000000000e+00
  +0.00000000000000000000e+00
  +0.00000000000000000000e+00
  +0.00000000000000000000e+00
  +0.00000000000000000000e+00
  +0.00000000000000000000e+00
  +0.00000000000000000000e+00
  +0.00000000000000000000e+00
  +0.00000000000000000000e+00
  +0.00000000000000000000e+00
  +0.00000000000000000000e+00
  +0.00000000000000000000e+00
  +0.00000000000000000000e+00
  +0.00000000000000000000e+00
  +0.00000000000000000000e+00
  +0.00000000000000000000e+00
  +0.00000000000000000000e+00
  +0.00000000000000000000e+00
  +0.00000000000000000000e+00
  +0.00000000000000000000e+00
  +0.00000000000000000000e+00
  +0.00000000000000000000e+00
  +0.00000000000000000000e+00
  +0.00000000000000000000e+00
  +0.00000000000000000000e+00
  +0.00000000000000000000e+00
  +0.00000000000000000000e+00
  +0.00000000000000000000e+00
</dep>
<dep Vout2.V Vs>
  +0.00000000000000000000e+00
  +0.00000000000000000000e+00
  +0.00000000000000000000e+00
  +0.00000000000000000000e+00
  +0.00000000000000000000e+00
  +0.00000000000000000000e+00
  +0.00000000000000000000e+00
  +0.00000000000000000000e+00
  +0.00000000000000000000e+00
  +0.00000000000000000000e+00
  +0.00000000000000000000e+00
  +0.00000000000000000000e+00
  +0.00000000000000000000e+00
  +0.00000000000000000000e+00
  +0.00000000000000000000e+00
  +0.00000000000000000000e+00
  +0.00000000000000000000e+00
  +0.00000000000000000000e+00
  +0.00000000000000000000e+00
  +0.00000000000000000000e+00
  +0.00000000000000000000e+00
  +0.00000000000000000000e+00
  +0.00000000000000000000e+00
  +0.00000000000000000000e+00
  +0.00000000000000000000e+00
  +0.00000000000000000000e+00
  +0.00000000000000000000e+00
  +0.00000000000000000000e+00
  +0.00000000000000000000e+00
  +0.00000000000000000000e+00
  +0.00000000000000000000e+00
  +0.00000000000000000000e+00
  +0.00000000000000000000e+00
  +0.00000000000000000000e+00
  +0.00000000000000000000e+00
  +0.00000000000000000000e+00
  +0.00000000000000000000e+00
  +0.00000000000000000000e+00
  +0.00000000000000000000e+00
  +0.00000000000000000000e+00
  +0.00000000000000000000e+00
  +0.00000000000000000000e+00
  +0.00000000000000000000e+00
  +0.00000000000000000000e+00
  +0.00000000000000000000e+00
  +0.00000000000000000000e+00
  +0.00000000000000000000e+00
  +0.00000000000000000000e+00
  +0.00000000000000000000e+00
  +0.00000000000000000000e+00
  +0.00000000000000000000e+00
  +0.00000000000000000000e+00
  +0.00000000000000000000e+00
  +0.00000000000000000000e+00
  +0.00000000000000000000e+00
  +0.00000000000000000000e+00
  +0.00000000000000000000e+00
  +0.00000000000000000000e+00
  +0.00000000000000000000e+00
  +0.00000000000000000000e+00
  +0.00000000000000000000e+00
  +0.00000000000000000000e+00
  +0.00000000000000000000e+00
  +0.00000000000000000000e+00
  +0.00000000000000000000e+00
  +0.00000000000000000000e+00
  +0.00000000000000000000e+00
  +0.00000000000000000000e+00
  +0.00000000000000000000e+00
  +0.00000000000000000000e+00
  +0.00000000000000000000e+00
  +0.00000000000000000000e+00
  +0.00000000000000000000e+00
  +0.00000000000000000000e+00
  +0.00000000000000000000e+00
  +0.00000000000000000000e+00
  +0.00000000000000000000e+00
  +0.00000000000000000000e+00
  +0.00000000000000000000e+00
  +0.00000000000000000000e+00
  +0.00000000000000000000e+00
  +0.00000000000000000000e+00
  +0.00000000000000000000e+00
  +0.00000000000000000000e+00
  +0.00000000000000000000e+00
  +0.00000000000000000000e+00
  +0.00000000000000000000e+00
  +0.00000000000000000000e+00
  +0.00000000000000000000e+00
  +0.00000000000000000000e+00
  +0.00000000000000000000e+00
  +0.00000000000000000000e+00
  +0.00000000000000000000e+00
  +0.00000000000000000000e+00
  +0.00000000000000000000e+00
  +0.00000000000000000000e+00
  +0.00000000000000000000e+00
  +0.00000000000000000000e+00
  +0.00000000000000000000e+00
  +0.00000000000000000000e+00
  +0.00000000000000000000e+00
</dep>
<dep Vout.V Vs>
  +0.00000000000000000000e+00
  +0.00000000000000000000e+00
  +0.00000000000000000000e+00
  +0.00000000000000000000e+00
  +0.00000000000000000000e+00
  +0.00000000000000000000e+00
  +0.00000000000000000000e+00
  +0.00000000000000000000e+00
  +0.00000000000000000000e+00
  +0.00000000000000000000e+00
  +0.00000000000000000000e+00
  +0.00000000000000000000e+00
  +0.00000000000000000000e+00
  +0.00000000000000000000e+00
  +0.00000000000000000000e+00
  +0.00000000000000000000e+00
  +0.00000000000000000000e+00
  +0.00000000000000000000e+00
  +0.00000000000000000000e+00
  +0.00000000000000000000e+00
  +0.00000000000000000000e+00
  +0.00000000000000000000e+00
  +0.00000000000000000000e+00
  +0.00000000000000000000e+00
  +0.00000000000000000000e+00
  +0.00000000000000000000e+00
  +0.00000000000000000000e+00
  +0.00000000000000000000e+00
  +0.00000000000000000000e+00
  +0.00000000000000000000e+00
  +0.00000000000000000000e+00
  +0.00000000000000000000e+00
  +0.00000000000000000000e+00
  +0.00000000000000000000e+00
  +0.00000000000000000000e+00
  +0.00000000000000000000e+00
  +0.00000000000000000000e+00
  +0.00000000000000000000e+00
  +0.00000000000000000000e+00
  +0.00000000000000000000e+00
  +0.00000000000000000000e+00
  +0.00000000000000000000e+00
  +0.00000000000000000000e+00
  +0.00000000000000000000e+00
  +0.00000000000000000000e+00
  +0.00000000000000000000e+00
  +0.00000000000000000000e+00
  +0.00000000000000000000e+00
  +0.00000000000000000000e+00
  +0.00000000000000000000e+00
  +0.00000000000000000000e+00
  +0.00000000000000000000e+00
  +0.00000000000000000000e+00
  +0.00000000000000000000e+00
  +0.00000000000000000000e+00
  +0.00000000000000000000e+00
  +0.00000000000000000000e+00
  +0.00000000000000000000e+00
  +0.00000000000000000000e+00
  +0.00000000000000000000e+00
  +0.00000000000000000000e+00
  +0.00000000000000000000e+00
  +0.00000000000000000000e+00
  +0.00000000000000000000e+00
  +0.00000000000000000000e+00
  +0.00000000000000000000e+00
  +0.00000000000000000000e+00
  +0.00000000000000000000e+00
  +0.00000000000000000000e+00
  +0.00000000000000000000e+00
  +0.00000000000000000000e+00
  +0.00000000000000000000e+00
  +0.00000000000000000000e+00
  +0.00000000000000000000e+00
  +0.00000000000000000000e+00
  +0.00000000000000000000e+00
  +0.00000000000000000000e+00
  +0.00000000000000000000e+00
  +0.00000000000000000000e+00
  +0.00000000000000000000e+00
  +0.00000000000000000000e+00
  +0.00000000000000000000e+00
  +0.00000000000000000000e+00
  +0.00000000000000000000e+00
  +0.00000000000000000000e+00
  +0.00000000000000000000e+00
  +0.00000000000000000000e+00
  +0.00000000000000000000e+00
  +0.00000000000000000000e+00
  +0.00000000000000000000e+00
  +0.00000000000000000000e+00
  +0.00000000000000000000e+00
  +0.00000000000000000000e+00
  +0.00000000000000000000e+00
  +0.00000000000000000000e+00
  +0.00000000000000000000e+00
  +0.00000000000000000000e+00
  +0.00000000000000000000e+00
  +0.00000000000000000000e+00
  +0.00000000000000000000e+00
  +0.00000000000000000000e+00
</dep>
